igsg0240.dat
     1.0            IONOSPHERE MAPS     MIX                 IONEX VERSION / TYPE
cmpcmb v1.2          GRL/UWM            11-feb-15 15:30     PGM / RUN BY / DATE 
ionex file containing IGS COMBINED Ionosphere maps          COMMENT             
global ionosphere maps for day 024, 2015                    DESCRIPTION         
IONEX file containing the COMBINED IGS TEC MAPS and DCBs    DESCRIPTION         
      IONEX files of the following IAACs were combined: cod DESCRIPTION         
                                                        jpl DESCRIPTION         
Contact address: Andrzej Krankowski                         DESCRIPTION
                 Geodynamics Research Laboratory            DESCRIPTION
                 University of Warmia and Mazury (GRL/UWM)  DESCRIPTION
                 Oczapowski St. 1                           DESCRIPTION
                 10-957-Olsztyn, POLAND                     DESCRIPTION
                 e-mail:  kand@uwm.edu.pl                   DESCRIPTION
                                                            DESCRIPTION         
  2015     1    24     0     0     0                        EPOCH OF FIRST MAP  
  2015     1    25     0     0     0                        EPOCH OF LAST MAP   
  7200                                                      INTERVAL            
    13                                                      # OF MAPS IN FILE   
  COSZ                                                      MAPPING FUNCTION    
     0.0                                                    ELEVATION CUTOFF    
combined TEC calculated as weighted mean of input TEC valuesOBSERVABLES USED    
   325                                                      # OF STATIONS       
    31                                                      # OF SATELLITES     
  6371.0                                                    BASE RADIUS         
     2                                                      MAP DIMENSION       
   450.0 450.0   0.0                                        HGT1 / HGT2 / DHGT  
    87.5 -87.5  -2.5                                        LAT1 / LAT2 / DLAT  
  -180.0 180.0   5.0                                        LON1 / LON2 / DLON  
    -1                                                      EXPONENT            
TEC values in 0.1 tec units;  9999, if no value available   COMMENT             
DCB values in nanoseconds, reference is Sum_of_SatDCBs = 0  COMMENT             
                                                            END OF HEADER       
[from data line 858]
     3                                                      START OF TEC MAP    
  2015     1    24     4     0     0                        EPOCH OF CURRENT MAP
    87.5-180.0 180.0   5.0 450.0                            LAT/LON1/LON2/DLON/H
   36   36   35   35   35   34   34   33   33   33   33   32   31   31   30   30
   29   28   28   28   27   26   26   26   25   24   24   24   23   23   23   23
   23   22   22   22   22   22   22   23   23   23   23   23   24   24   24   25
   25   26   27   27   28   29   30   30   31   32   33   33   34   34   35   35
   36   36   36   36   36   36   36   36   36
    85.0-180.0 180.0   5.0 450.0                            LAT/LON1/LON2/DLON/H
   47   46   45   44   43   43   42   41   40   41   40   39   38   38   37   36
   34   34   32   32   30   29   28   26   25   25   24   24   23   23   23   23
   23   23   23   24   24   24   24   24   24   24   23   23   24   24   24   25
   26   27   28   30   32   33   35   38   40   41   43   45   47   48   49   50
   51   51   50   50   50   49   48   48   47
    82.5-180.0 180.0   5.0 450.0                            LAT/LON1/LON2/DLON/H
   57   55   53   51   50   49   49   48   48   48   48   48   48   47   46   45
   44   42   40   37   35   33   30   28   27   26   25   25   25   26   27   27
   28   29   30   31   31   32   32   31   30   30   29   29   28   28   28   28
   29   30   32   34   37   41   44   48   52   56   59   62   65   67   68   70
   70   70   69   67   66   64   62   60   57
    80.0-180.0 180.0   5.0 450.0                            LAT/LON1/LON2/DLON/H
   67   63   60   57   55   53   53   53   54   55   57   58   59   59   58   57
   55   52   49   45   41   37   33   30   27   26   25   26   27   28   30   32
   34   36   39   40   42   42   42   42   41   40   37   36   34   33   32   31
   32   33   37   40   45   50   55   62   67   73   78   83   86   89   91   92
   92   91   89   86   83   79   75   71   67
    77.5-180.0 180.0   5.0 450.0                            LAT/LON1/LON2/DLON/H
   76   69   64   60   56   54   54   55   57   60   63   67   69   70   71   69
   67   63   58   52   46   40   34   30   27   26   25   25   27   30   33   36
   40   43   47   49   51   53   53   53   51   49   46   42   39   37   35   34
   35   38   41   46   53   60   68   77   84   92   98  104  109  112  113  114
  113  111  108  104   99   93   88   81   76
    75.0-180.0 180.0   5.0 450.0                            LAT/LON1/LON2/DLON/H
   83   75   68   61   57   54   53   54   57   61   67   72   76   80   81   80
   76   71   65   57   50   42   36   30   27   24   24   25   27   30   34   39
   43   48   52   56   59   60   61   60   58   55   51   47   43   39   36   36
   37   40   45   52   61   70   81   90  100  109  116  123  128  131  133  133
  131  129  125  119  113  106   99   91   83
    72.5-180.0 180.0   5.0 450.0                            LAT/LON1/LON2/DLON/H
   92   81   73   64   58   53   51   52   55   60   67   74   79   84   85   85
   81   76   68   60   51   43   36   30   27   25   25   26   28   31   35   39
   43   48   52   57   60   62   63   62   61   57   53   48   43   39   36   35
   37   42   49   58   68   80   91  102  113  122  130  137  141  145  146  145
  143  140  136  131  125  118  110  101   92
    70.0-180.0 180.0   5.0 450.0                            LAT/LON1/LON2/DLON/H
  101   91   80   70   61   55   50   50   52   58   64   71   77   82   85   84
   81   75   69   60   52   43   36   31   28   27   27   29   31   33   35   38
   40   44   48   52   56   59   60   59   57   54   49   44   39   35   33   34
   37   43   52   63   75   88  100  112  122  131  138  145  149  152  153  152
  150  147  143  138  133  126  119  111  101
    67.5-180.0 180.0   5.0 450.0                            LAT/LON1/LON2/DLON/H
  112  102   92   80   70   60   54   51   51   54   60   66   71   75   78   78
   76   71   65   58   50   44   37   33   30   30   31   33   34   35   35   36
   36   37   40   43   46   49   51   52   50   47   43   38   34   31   30   32
   37   45   56   68   82   95  107  118  128  136  143  148  152  155  155  154
  152  149  146  142  138  133  127  120  112
    65.0-180.0 180.0   5.0 450.0                            LAT/LON1/LON2/DLON/H
  123  115  105   93   81   70   60   54   51   52   55   59   63   66   68   68
   67   64   60   54   48   43   39   35   34   34   35   37   38   38   36   33
   31   30   30   32   35   38   41   42   41   39   36   32   29   27   28   32
   39   49   62   76   90  102  114  123  131  138  144  149  153  156  156  155
  154  151  148  144  141  138  134  130  123
    62.5-180.0 180.0   5.0 450.0                            LAT/LON1/LON2/DLON/H
  133  126  117  106   94   81   69   59   54   51   51   53   55   57   58   58
   58   56   54   50   46   43   40   38   37   38   39   40   41   40   36   32
   28   24   23   23   25   28   31   34   34   33   31   29   26   26   29   35
   45   57   72   86  100  111  121  129  135  141  146  152  156  159  160  159
  156  153  150  147  145  142  140  137  133
    60.0-180.0 180.0   5.0 450.0                            LAT/LON1/LON2/DLON/H
  140  135  128  117  105   91   77   66   58   52   50   49   49   49   49   50
   50   50   49   47   45   43   42   40   39   40   41   42   42   40   36   31
   26   22   19   19   20   23   26   29   31   31   30   28   28   29   34   42
   54   69   84   99  112  123  131  137  142  147  153  159  164  167  168  167
  164  160  156  153  150  148  146  143  140
    57.5-180.0 180.0   5.0 450.0                            LAT/LON1/LON2/DLON/H
  144  140  134  125  113   99   84   72   62   55   50   48   46   44   44   45
   46   47   47   47   45   44   42   41   40   41   41   42   41   40   36   32
   27   23   21   20   21   24   28   31   34   34   34   33   33   36   43   53
   67   83  100  115  129  138  145  150  154  159  165  172  177  181  181  178
  174  170  165  160  157  153  151  148  144
    55.0-180.0 180.0   5.0 450.0                            LAT/LON1/LON2/DLON/H
  148  143  137  128  117  104   90   77   66   58   52   48   45   43   43   44
   46   47   48   47   45   44   43   41   40   40   40   41   40   39   36   33
   30   28   27   27   29   32   36   40   42   42   42   41   42   46   54   67
   82  100  117  133  146  156  162  166  171  176  183  189  194  197  196  192
  187  181  175  170  166  161  156  152  148
    52.5-180.0 180.0   5.0 450.0                            LAT/LON1/LON2/DLON/H
  152  145  138  129  118  106   93   81   71   62   55   50   47   45   44   45
   47   49   49   48   47   45   43   42   41   41   41   40   40   39   38   37
   36   36   37   40   43   47   51   53   54   54   53   51   52   58   67   82
   99  118  135  151  164  173  180  185  190  196  202  208  212  212  209  203
  197  191  186  180  175  169  163  157  152
    50.0-180.0 180.0   5.0 450.0                            LAT/LON1/LON2/DLON/H
  157  149  140  130  119  107   96   84   74   65   59   54   50   48   47   48
   50   51   51   50   49   47   46   45   44   44   43   43   42   41   41   41
   43   46   49   54   59   63   66   69   68   67   65   62   64   70   81   97
  116  135  152  167  179  189  197  202  208  214  219  223  225  222  216  208
  202  197  192  188  184  177  171  164  157
    47.5-180.0 180.0   5.0 450.0                            LAT/LON1/LON2/DLON/H
  165  155  145  133  121  109   98   87   77   69   63   58   55   52   51   51
   52   54   54   53   52   51   52   53   53   52   51   50   48   46   45   46
   49   55   61   67   74   78   81   82   81   78   76   74   75   83   96  114
  134  152  167  180  190  200  208  215  220  226  230  231  228  223  214  206
  200  197  195  193  190  185  179  172  165
    45.0-180.0 180.0   5.0 450.0                            LAT/LON1/LON2/DLON/H
  173  163  152  138  125  113  101   90   81   74   69   65   60   57   54   54
   55   56   57   57   58   60   63   66   68   67   65   62   58   54   51   52
   56   62   70   79   85   89   91   91   89   87   85   84   86   95  111  130
  150  166  178  187  196  205  213  220  226  230  231  229  224  216  206  199
  195  195  195  195  193  190  185  180  173
    42.5-180.0 180.0   5.0 450.0                            LAT/LON1/LON2/DLON/H
  179  171  160  146  131  117  105   94   86   79   75   72   68   63   59   57
   58   61   62   65   68   74   80   85   88   87   83   77   70   64   59   58
   61   68   77   85   91   94   95   94   92   91   92   92   96  107  124  146
  165  178  186  191  197  204  212  218  224  226  225  221  214  205  198  193
  192  195  198  198  197  194  190  185  179
    40.0-180.0 180.0   5.0 450.0                            LAT/LON1/LON2/DLON/H
  183  177  167  153  138  123  109   98   90   86   84   81   77   70   65   63
   64   67   71   75   82   91  101  108  111  109  102   92   82   73   66   63
   65   71   80   88   92   93   92   91   90   93   96   99  105  118  137  159
  176  187  190  191  193  199  207  214  219  220  219  215  209  203  199  199
  201  205  207  206  203  196  192  188  183
    37.5-180.0 180.0   5.0 450.0                            LAT/LON1/LON2/DLON/H
  183  179  170  159  144  128  113  102   95   92   91   90   86   81   73   70
   71   76   82   89   99  110  122  129  132  128  118  106   93   81   73   68
   69   73   81   87   90   88   86   84   86   92   98  104  111  126  148  170
  186  193  192  191  192  198  207  215  219  222  222  220  217  217  220  224
  229  232  232  226  215  204  194  188  183
    35.0-180.0 180.0   5.0 450.0                            LAT/LON1/LON2/DLON/H
  183  178  172  161  147  132  117  106   99   98   99   99   97   91   84   82
   83   89   96  105  115  127  138  146  146  139  127  113   99   87   78   72
   71   75   81   86   86   82   78   77   81   90   99  107  115  132  155  178
  193  198  196  195  197  206  216  225  232  236  241  244  250  257  266  275
  281  282  277  263  243  221  203  190  183
    32.5-180.0 180.0   5.0 450.0                            LAT/LON1/LON2/DLON/H
  188  179  171  162  149  134  120  108  101  100  103  106  106  102   97   95
   96  102  110  119  128  139  148  152  151  142  129  114  101   90   82   77
   75   78   83   85   83   77   73   72   78   88   99  107  117  134  159  183
  199  205  205  207  214  227  241  252  261  270  280  293  308  325  340  351
  356  353  341  317  286  252  223  201  188
    30.0-180.0 180.0   5.0 450.0                            LAT/LON1/LON2/DLON/H
  204  189  177  164  151  136  122  110  102  100  103  108  110  110  107  106
  109  115  121  128  135  142  147  150  145  136  124  111  100   93   87   83
   81   83   86   87   82   74   69   70   76   87   98  106  116  134  161  187
  205  213  219  228  243  262  280  294  305  319  338  362  388  413  433  445
  446  438  419  388  346  300  259  227  204
    27.5-180.0 180.0   5.0 450.0                            LAT/LON1/LON2/DLON/H
  236  211  191  173  156  140  125  110  100   97  100  105  111  114  114  115
  117  122  127  131  134  137  139  139  135  127  118  109  102   98   95   92
   90   90   91   90   84   75   68   68   75   86   95  103  113  133  161  189
  210  225  238  256  281  307  328  344  358  376  403  437  473  505  527  537
  535  523  500  464  417  363  313  270  236
    25.0-180.0 180.0   5.0 450.0                            LAT/LON1/LON2/DLON/H
  288  251  219  191  167  147  130  113  100   94   93   99  107  113  116  117
  120  123  125  126  125  125  125  126  125  122  117  113  111  110  108  105
  101   99   97   94   87   76   69   68   75   83   91   99  110  131  161  192
  218  239  261  288  321  353  376  392  408  430  463  505  547  581  602  609
  603  589  567  533  487  432  378  330  288
    22.5-180.0 180.0   5.0 450.0                            LAT/LON1/LON2/DLON/H
  353  307  262  221  186  161  140  122  104   92   88   92  100  109  113  115
  117  118  117  115  112  110  112  116  121  125  126  127  128  129  126  121
  114  108  104   99   89   78   70   69   73   80   86   95  108  130  162  196
  226  254  284  319  357  391  414  430  446  470  506  550  593  625  643  645
  637  624  606  581  542  495  446  399  353
    20.0-180.0 180.0   5.0 450.0                            LAT/LON1/LON2/DLON/H
  422  371  316  262  216  183  159  136  114   98   89   90   98  106  109  110
  111  110  107  103   98   99  104  115  129  140  148  152  154  153  148  138
  127  117  110  102   92   80   72   69   71   74   82   91  107  131  165  201
  235  269  304  343  383  415  435  449  464  488  522  563  601  628  639  638
  629  618  610  597  574  541  504  466  422
    17.5-180.0 180.0   5.0 450.0                            LAT/LON1/LON2/DLON/H
  485  433  373  310  254  213  186  161  136  115  102   99  104  109  111  109
  108  107  103   97   94   97  108  127  149  168  179  184  184  178  168  154
  139  125  115  105   94   82   74   69   68   70   76   88  107  135  170  207
  245  281  318  358  395  424  439  449  463  485  516  549  578  596  600  594
  584  578  579  582  576  562  545  522  485
    15.0-180.0 180.0   5.0 450.0                            LAT/LON1/LON2/DLON/H
  535  488  427  359  296  252  222  195  168  145  129  123  122  123  120  117
  116  114  110  106  106  112  128  153  180  201  213  215  210  199  184  166
  148  131  118  107   96   85   76   70   67   65   72   87  110  140  176  215
  252  289  327  363  396  419  430  437  448  468  492  517  536  544  542  533
  524  522  531  544  555  560  564  558  535
    12.5-180.0 180.0   5.0 450.0                            LAT/LON1/LON2/DLON/H
  566  528  471  404  340  294  263  236  209  186  169  159  153  149  144  139
  138  138  137  136  138  147  164  189  217  235  243  238  226  209  190  171
  152  134  120  108   98   88   81   73   66   64   70   87  114  146  184  221
  258  294  329  363  389  407  414  419  429  446  464  480  490  492  487  478
  471  472  485  505  525  545  565  577  566
    10.0-180.0 180.0   5.0 450.0                            LAT/LON1/LON2/DLON/H
  582  553  503  443  383  337  306  279  253  231  215  203  194  184  178  175
  176  180  185  189  193  200  213  233  252  263  261  248  229  208  188  170
  153  136  121  110  100   93   86   77   68   64   70   89  118  152  190  227
  261  296  328  358  380  395  400  405  414  428  441  451  457  457  453  450
  446  449  461  480  503  530  561  583  582
     7.5-180.0 180.0   5.0 450.0                            LAT/LON1/LON2/DLON/H
  588  566  525  473  421  378  345  319  295  274  259  247  234  223  218  217
  223  234  247  257  262  264  268  276  282  279  266  244  219  196  179  164
  150  136  122  112  104   99   92   83   72   66   72   91  121  156  193  228
  261  294  325  352  373  387  395  401  410  420  431  439  445  449  454  459
  464  468  475  485  502  527  558  584  588
     5.0-180.0 180.0   5.0 450.0                            LAT/LON1/LON2/DLON/H
  590  571  538  497  452  411  379  352  329  309  294  283  269  258  254  258
  271  290  311  327  332  327  318  309  300  283  259  229  201  180  166  156
  147  136  124  115  108  105   99   88   75   68   74   94  124  158  193  226
  258  290  321  348  369  386  398  407  416  425  434  444  456  469  485  503
  518  525  525  524  529  543  566  587  590
     2.5-180.0 180.0   5.0 450.0                            LAT/LON1/LON2/DLON/H
  592  573  546  512  475  436  403  376  352  331  315  303  291  281  280  288
  307  333  362  382  386  372  351  329  305  275  243  210  182  164  155  149
  143  135  124  116  112  109  103   92   78   70   75   95  125  158  191  222
  253  285  316  344  369  391  407  420  430  438  449  463  483  507  537  570
  597  607  601  588  580  580  587  596  592
