igsg0240.dat
     1.0            IONOSPHERE MAPS     MIX                 IONEX VERSION / TYPE
cmpcmb v1.2          GRL/UWM            11-feb-15 15:30     PGM / RUN BY / DATE 
ionex file containing IGS COMBINED Ionosphere maps          COMMENT             
global ionosphere maps for day 024, 2015                    DESCRIPTION         
IONEX file containing the COMBINED IGS TEC MAPS and DCBs    DESCRIPTION         
      IONEX files of the following IAACs were combined: cod DESCRIPTION         
                                                        jpl DESCRIPTION         
Contact address: Andrzej Krankowski                         DESCRIPTION
                 Geodynamics Research Laboratory            DESCRIPTION
                 University of Warmia and Mazury (GRL/UWM)  DESCRIPTION
                 Oczapowski St. 1                           DESCRIPTION
                 10-957-Olsztyn, POLAND                     DESCRIPTION
                 e-mail:  kand@uwm.edu.pl                   DESCRIPTION
                                                            DESCRIPTION         
  2015     1    24     0     0     0                        EPOCH OF FIRST MAP  
  2015     1    25     0     0     0                        EPOCH OF LAST MAP   
  7200                                                      INTERVAL            
    13                                                      # OF MAPS IN FILE   
  COSZ                                                      MAPPING FUNCTION    
     0.0                                                    ELEVATION CUTOFF    
combined TEC calculated as weighted mean of input TEC valuesOBSERVABLES USED    
   325                                                      # OF STATIONS       
    31                                                      # OF SATELLITES     
  6371.0                                                    BASE RADIUS         
     2                                                      MAP DIMENSION       
   450.0 450.0   0.0                                        HGT1 / HGT2 / DHGT  
    87.5 -87.5  -2.5                                        LAT1 / LAT2 / DLAT  
  -180.0 180.0   5.0                                        LON1 / LON2 / DLON  
    -1                                                      EXPONENT            
TEC values in 0.1 tec units;  9999, if no value available   COMMENT             
DCB values in nanoseconds, reference is Sum_of_SatDCBs = 0  COMMENT             
                                                            END OF HEADER       
[from data line 2574]
     7                                                      START OF TEC MAP    
  2015     1    24    12     0     0                        EPOCH OF CURRENT MAP
    87.5-180.0 180.0   5.0 450.0                            LAT/LON1/LON2/DLON/H
   89   89   89   88   87   87   87   86   85   85   84   83   83   82   81   80
   80   79   79   78   77   77   77   76   75   74   74   74   74   73   73   73
   73   73   73   73   73   73   74   74   74   74   74   75   76   76   77   77
   78   79   80   81   82   83   83   84   85   86   87   87   87   88   89   89
   90   90   90   90   90   90   90   89   89
    85.0-180.0 180.0   5.0 450.0                            LAT/LON1/LON2/DLON/H
   88   88   87   86   86   86   84   83   82   81   80   78   77   75   74   73
   72   70   69   68   67   66   65   64   64   63   63   62   62   62   62   62
   62   62   62   63   63   63   63   64   64   64   65   65   65   66   67   68
   69   70   72   74   75   77   79   80   82   84   86   87   88   89   90   90
   90   90   90   90   90   90   89   89   88
    82.5-180.0 180.0   5.0 450.0                            LAT/LON1/LON2/DLON/H
   82   81   81   81   80   79   78   77   76   74   72   70   68   66   64   61
   59   58   56   55   54   53   52   52   51   51   51   52   53   54   55   56
   57   57   58   59   59   59   59   59   59   58   58   57   57   56   57   58
   59   60   62   64   67   70   72   75   78   80   83   84   86   86   87   87
   87   87   86   85   85   84   83   83   82
    80.0-180.0 180.0   5.0 450.0                            LAT/LON1/LON2/DLON/H
   73   73   73   73   72   72   71   69   68   65   62   60   57   54   51   48
   46   44   42   41   40   40   40   40   41   43   44   46   48   50   52   56
   58   60   63   64   65   65   65   64   63   61   59   56   54   52   51   51
   51   52   53   56   59   62   65   69   72   75   78   80   82   82   82   82
   81   80   79   78   76   75   74   74   73
    77.5-180.0 180.0   5.0 450.0                            LAT/LON1/LON2/DLON/H
   64   64   65   65   65   65   64   63   60   57   54   50   46   42   38   35
   32   31   30   29   29   31   32   34   36   39   42   45   49   53   58   63
   67   72   76   79   81   82   81   79   76   73   69   64   59   55   51   49
   47   48   49   51   53   56   59   63   67   70   73   75   76   77   76   76
   74   73   71   69   67   65   65   64   64
    75.0-180.0 180.0   5.0 450.0                            LAT/LON1/LON2/DLON/H
   58   58   59   60   61   61   61   59   56   52   48   43   37   33   29   25
   22   21   21   22   24   26   29   34   38   41   45   50   55   61   67   75
   82   90   97  102  105  107  106  102   98   92   85   78   71   64   59   54
   51   49   49   50   51   54   57   60   63   65   68   69   70   71   70   69
   67   65   63   61   59   58   57   57   58
    72.5-180.0 180.0   5.0 450.0                            LAT/LON1/LON2/DLON/H
   53   55   57   58   60   60   60   58   55   51   46   39   34   28   23   20
   18   18   19   20   23   28   33   38   44   49   54   60   65   71   80   89
  100  111  120  128  133  135  134  129  123  115  107   97   88   79   72   65
   60   57   55   54   54   55   56   58   59   61   62   63   64   64   64   63
   61   60   57   56   54   53   52   52   53
    70.0-180.0 180.0   5.0 450.0                            LAT/LON1/LON2/DLON/H
   52   54   56   59   61   63   62   61   57   52   47   40   34   28   23   20
   19   19   20   23   28   33   40   46   53   59   65   71   76   83   92  102
  115  129  141  151  158  160  159  154  147  138  128  118  107   97   88   80
   73   68   65   62   60   58   57   56   56   56   56   56   56   57   57   56
   55   54   54   52   51   51   51   51   52
    67.5-180.0 180.0   5.0 450.0                            LAT/LON1/LON2/DLON/H
   52   54   56   59   62   64   65   64   60   56   49   43   38   32   27   25
   24   24   26   29   34   40   47   54   62   69   75   81   87   93  102  113
  127  141  156  167  175  178  177  173  165  156  146  135  124  115  105   96
   89   82   77   72   67   63   59   55   53   50   49   48   48   48   48   49
   50   50   49   50   50   50   51   50   52
    65.0-180.0 180.0   5.0 450.0                            LAT/LON1/LON2/DLON/H
   51   52   54   57   60   63   65   64   62   58   53   47   42   38   36   33
   33   33   34   36   39   45   52   59   66   74   81   88   94  101  110  121
  135  149  164  175  182  186  184  181  174  167  158  149  140  130  120  111
  103   95   89   82   75   68   61   55   49   44   42   40   40   40   40   41
   43   45   46   48   49   49   50   50   51
    62.5-180.0 180.0   5.0 450.0                            LAT/LON1/LON2/DLON/H
   48   48   50   52   56   59   61   62   60   57   53   49   46   43   43   42
   42   42   41   42   43   47   53   60   67   75   83   91   99  107  117  128
  141  154  166  176  182  184  184  181  177  172  166  159  151  143  133  124
  116  107  100   91   82   74   64   55   47   40   36   34   32   32   33   34
   36   39   41   45   47   49   49   49   48
    60.0-180.0 180.0   5.0 450.0                            LAT/LON1/LON2/DLON/H
   45   43   43   45   48   51   54   56   55   53   50   48   47   48   49   50
   49   48   46   44   44   47   52   58   65   74   83   93  104  114  125  136
  148  158  167  173  177  178  178  176  175  174  172  168  162  154  144  135
  125  117  108   99   89   78   67   57   47   40   34   31   30   29   29   30
   32   34   39   42   46   48   48   47   45
    57.5-180.0 180.0   5.0 450.0                            LAT/LON1/LON2/DLON/H
   41   38   36   37   39   43   47   48   49   48   47   46   46   48   51   54
   53   52   48   45   43   44   48   54   62   73   84   97  111  125  138  149
  158  166  170  172  172  171  171  172  174  177  179  177  172  164  154  144
  134  125  115  105   95   84   72   61   51   43   38   35   33   32   31   30
   31   34   37   42   46   48   48   45   41
    55.0-180.0 180.0   5.0 450.0                            LAT/LON1/LON2/DLON/H
   41   36   33   31   33   37   41   43   44   43   43   43   44   47   51   54
   54   52   48   44   42   43   46   53   63   74   88  105  122  139  153  165
  172  176  176  174  171  168  169  172  178  183  188  189  184  176  164  152
  141  132  123  113  103   91   80   69   60   53   49   46   44   43   40   38
   36   37   40   44   48   50   50   46   41
    52.5-180.0 180.0   5.0 450.0                            LAT/LON1/LON2/DLON/H
   45   38   34   33   33   36   39   42   43   43   43   42   43   46   49   52
   53   51   47   44   42   44   49   56   67   81   97  117  137  157  172  182
  187  187  184  179  174  172  173  178  186  194  201  202  198  188  175  162
  150  140  131  121  111  101   90   81   73   67   63   62   61   59   56   51
   48   46   48   50   54   55   54   50   45
    50.0-180.0 180.0   5.0 450.0                            LAT/LON1/LON2/DLON/H
   53   47   43   40   39   41   44   46   48   49   48   46   45   46   49   51
   52   51   49   46   46   49   55   65   77   92  111  133  155  174  189  196
  199  197  192  187  183  181  182  189  197  207  214  216  211  200  187  173
  160  150  140  131  121  111  102   94   87   82   80   79   79   76   72   67
   61   59   58   59   61   62   61   57   53
    47.5-180.0 180.0   5.0 450.0                            LAT/LON1/LON2/DLON/H
   64   61   57   54   53   53   54   56   58   58   57   55   52   50   51   52
   53   53   53   52   54   59   67   78   91  107  127  149  170  188  199  204
  204  202  198  195  193  193  196  202  211  219  226  228  223  212  197  183
  170  159  150  141  131  121  113  105   98   94   92   92   92   90   87   80
   74   70   68   68   69   69   69   67   64
    45.0-180.0 180.0   5.0 450.0                            LAT/LON1/LON2/DLON/H
   77   76   75   73   70   69   69   69   71   71   71   68   63   59   57   56
   58   60   61   63   67   73   82   94  107  124  143  164  182  195  202  203
  201  201  203  204  206  209  213  217  223  230  235  235  230  219  205  191
  179  169  159  149  139  129  119  111  104   99   97   96   97   96   92   86
   80   76   72   73   73   74   75   76   77
    42.5-180.0 180.0   5.0 450.0                            LAT/LON1/LON2/DLON/H
   86   90   91   91   88   85   82   81   82   84   85   82   77   71   67   65
   67   69   72   76   81   89   98  110  124  140  157  174  188  194  196  194
  194  198  206  214  223  227  230  233  235  239  241  239  233  222  210  197
  186  177  167  156  144  132  121  111  103   97   93   90   90   89   87   83
   78   73   71   71   73   75   78   82   86
    40.0-180.0 180.0   5.0 450.0                            LAT/LON1/LON2/DLON/H
   90   97  103  104  103   99   94   90   91   95   98   97   93   86   79   76
   77   81   86   90   96  104  114  125  138  153  168  181  188  189  185  182
  186  197  214  230  242  250  251  250  248  248  247  242  233  223  211  201
  192  184  174  161  147  132  120  108   98   90   84   79   77   75   74   72
   68   64   63   64   66   70   75   82   90
    37.5-180.0 180.0   5.0 450.0                            LAT/LON1/LON2/DLON/H
   86   97  106  111  111  106   99   95   94   99  106  110  107  101   93   88
   89   93   98  103  109  117  127  138  151  164  175  184  186  182  175  174
  185  205  231  255  270  276  275  270  264  260  254  245  234  222  212  205
  199  192  181  167  149  132  118  105   95   85   76   69   65   62   62   60
   56   53   53   55   58   62   67   76   86
    35.0-180.0 180.0   5.0 450.0                            LAT/LON1/LON2/DLON/H
   76   89  100  108  111  107  100   93   93   99  110  117  118  113  106  100
   99  102  106  111  118  126  137  148  161  172  182  187  185  178  173  178
  197  228  262  290  307  310  306  296  287  278  268  255  240  226  217  212
  208  202  191  175  155  137  121  109   98   88   79   71   63   59   58   56
   53   48   47   50   53   55   59   66   76
    32.5-180.0 180.0   5.0 450.0                            LAT/LON1/LON2/DLON/H
   65   77   89   99  104  102   96   89   87   95  107  119  125  123  116  108
  106  107  110  115  122  132  145  158  170  180  188  191  187  182  183  197
  227  268  308  338  351  350  342  330  318  306  293  274  254  238  230  227
  225  220  209  190  169  151  135  123  114  107   99   90   82   76   73   69
   64   57   54   54   56   55   54   57   65
    30.0-180.0 180.0   5.0 450.0                            LAT/LON1/LON2/DLON/H
   58   65   76   87   94   95   90   83   79   87  102  117  126  128  122  113
  108  106  109  114  123  137  152  166  179  189  196  198  197  197  206  232
  276  325  368  394  402  396  383  370  357  343  326  303  280  262  254  252
  251  246  234  215  194  175  161  151  144  140  137  130  122  115  109  103
   94   85   78   75   72   65   59   56   58
    27.5-180.0 180.0   5.0 450.0                            LAT/LON1/LON2/DLON/H
   58   59   67   76   84   87   84   77   74   79   93  109  123  127  122  113
  106  103  104  110  123  140  159  175  188  198  205  209  212  220  242  283
  337  393  434  454  452  441  426  413  400  385  367  342  316  297  289  289
  288  281  269  250  230  212  199  190  187  187  187  183  176  168  161  152
  141  128  117  110  102   90   76   64   58
    25.0-180.0 180.0   5.0 450.0                            LAT/LON1/LON2/DLON/H
   71   65   66   73   80   83   82   75   70   73   84   99  113  120  117  108
  101   97   98  107  123  144  166  184  198  207  215  223  232  251  286  341
  406  464  500  508  499  481  465  453  441  428  410  384  359  341  335  334
  331  323  310  292  273  256  244  237  235  238  241  240  235  227  218  209
  195  180  166  154  142  125  105   85   71
    22.5-180.0 180.0   5.0 450.0                            LAT/LON1/LON2/DLON/H
   93   80   76   77   82   85   83   78   71   70   76   88  102  109  107  100
   94   90   93  104  124  149  173  193  205  215  224  236  253  284  333  399
  471  527  554  551  533  512  496  487  477  466  449  427  404  388  382  382
  378  368  355  338  320  304  291  284  282  286  290  290  285  277  269  260
  247  230  214  198  184  163  139  114   93
    20.0-180.0 180.0   5.0 450.0                            LAT/LON1/LON2/DLON/H
  122  103   94   91   91   91   90   83   75   70   72   79   90   96   95   90
   86   85   89  104  127  155  180  199  210  219  230  248  273  315  375  448
  521  572  588  576  552  530  517  509  502  493  480  462  442  430  426  425
  421  411  398  382  365  349  335  325  321  322  323  322  316  309  302  294
  283  268  250  234  218  198  174  147  122
    17.5-180.0 180.0   5.0 450.0                            LAT/LON1/LON2/DLON/H
  149  129  116  109  104  101   98   92   83   75   71   74   81   85   84   81
   79   80   88  106  132  161  186  202  211  221  235  257  291  341  407  481
  549  592  598  579  553  534  525  521  516  510  500  486  471  463  461  461
  455  446  433  420  405  387  370  357  348  342  338  333  324  317  311  307
  300  287  270  253  237  221  201  175  149
    15.0-180.0 180.0   5.0 450.0                            LAT/LON1/LON2/DLON/H
  171  152  138  127  118  111  107  101   92   81   74   72   75   77   76   73
   74   77   88  109  137  166  189  202  210  220  238  266  306  360  427  496
  554  585  583  561  539  527  523  523  521  516  510  500  489  483  483  483
  479  470  460  449  435  415  395  377  361  348  336  324  312  303  299  300
  297  288  272  254  240  229  214  194  171
    12.5-180.0 180.0   5.0 450.0                            LAT/LON1/LON2/DLON/H
  183  167  152  140  128  119  113  107   99   88   79   73   72   72   71   69
   71   76   89  112  141  170  191  201  208  221  242  276  320  374  434  493
  537  556  550  532  518  514  517  520  519  518  514  506  497  492  492  494
  491  486  477  468  454  433  409  385  364  342  322  303  287  276  275  279
  282  277  262  244  231  225  216  202  183
    10.0-180.0 180.0   5.0 450.0                            LAT/LON1/LON2/DLON/H
  184  171  158  146  133  121  114  109  102   93   83   76   72   70   69   68
   69   76   90  114  144  172  190  199  208  224  250  287  332  383  434  478
  508  519  512  501  496  501  510  517  518  518  515  508  500  495  495  497
  496  492  486  477  464  442  415  388  360  333  305  279  259  247  247  255
  262  261  248  231  218  214  210  200  184
     7.5-180.0 180.0   5.0 450.0                            LAT/LON1/LON2/DLON/H
  179  166  155  143  131  119  111  107  102   95   86   78   73   70   68   67
   69   75   90  116  146  173  190  199  210  230  260  300  344  389  430  461
  478  483  480  477  481  493  508  517  521  522  519  512  503  496  495  497
  497  493  488  480  466  444  417  387  357  325  294  264  239  225  227  238
  249  250  240  222  209  205  200  191  179
     5.0-180.0 180.0   5.0 450.0                            LAT/LON1/LON2/DLON/H
  169  157  147  136  125  114  106  101   99   94   86   79   74   71   69   67
   68   75   90  117  148  174  191  202  216  239  272  312  354  394  424  444
  455  459  461  466  477  493  509  521  529  532  529  521  510  501  497  497
  496  493  487  477  464  444  419  390  360  328  295  263  235  219  220  233
  246  251  242  227  212  204  195  183  169
     2.5-180.0 180.0   5.0 450.0                            LAT/LON1/LON2/DLON/H
  162  147  136  128  119  109  100   95   94   91   85   78   73   71   69   67
   68   74   91  119  151  177  194  207  224  250  284  323  361  394  417  433
  442  451  459  470  482  498  515  529  541  546  545  535  521  509  503  501
  498  493  485  475  462  445  423  398  371  343  312  280  250  231  231  244
  258  263  257  243  227  213  198  180  162
