igsg0240.dat
     1.0            IONOSPHERE MAPS     MIX                 IONEX VERSION / TYPE
cmpcmb v1.2          GRL/UWM            11-feb-15 15:30     PGM / RUN BY / DATE 
ionex file containing IGS COMBINED Ionosphere maps          COMMENT             
global ionosphere maps for day 024, 2015                    DESCRIPTION         
IONEX file containing the COMBINED IGS TEC MAPS and DCBs    DESCRIPTION         
      IONEX files of the following IAACs were combined: cod DESCRIPTION         
                                                        jpl DESCRIPTION         
Contact address: Andrzej Krankowski                         DESCRIPTION
                 Geodynamics Research Laboratory            DESCRIPTION
                 University of Warmia and Mazury (GRL/UWM)  DESCRIPTION
                 Oczapowski St. 1                           DESCRIPTION
                 10-957-Olsztyn, POLAND                     DESCRIPTION
                 e-mail:  kand@uwm.edu.pl                   DESCRIPTION
                                                            DESCRIPTION         
  2015     1    24     0     0     0                        EPOCH OF FIRST MAP  
  2015     1    25     0     0     0                        EPOCH OF LAST MAP   
  7200                                                      INTERVAL            
    13                                                      # OF MAPS IN FILE   
  COSZ                                                      MAPPING FUNCTION    
     0.0                                                    ELEVATION CUTOFF    
combined TEC calculated as weighted mean of input TEC valuesOBSERVABLES USED    
   325                                                      # OF STATIONS       
    31                                                      # OF SATELLITES     
  6371.0                                                    BASE RADIUS         
     2                                                      MAP DIMENSION       
   450.0 450.0   0.0                                        HGT1 / HGT2 / DHGT  
    87.5 -87.5  -2.5                                        LAT1 / LAT2 / DLAT  
  -180.0 180.0   5.0                                        LON1 / LON2 / DLON  
    -1                                                      EXPONENT            
TEC values in 0.1 tec units;  9999, if no value available   COMMENT             
DCB values in nanoseconds, reference is Sum_of_SatDCBs = 0  COMMENT             
                                                            END OF HEADER       
[from data line 3861]
    10                                                      START OF TEC MAP    
  2015     1    24    18     0     0                        EPOCH OF CURRENT MAP
    87.5-180.0 180.0   5.0 450.0                            LAT/LON1/LON2/DLON/H
   87   88   88   90   91   92   93   94   96   97   98  100  102  104  105  107
  108  110  112  113  115  116  118  119  120  121  122  123  124  124  125  125
  125  125  125  125  124  124  123  123  122  121  120  119  117  116  115  113
  111  110  108  106  105  103  101   99   98   97   95   94   92   91   90   89
   88   88   87   87   87   87   87   87   87
    85.0-180.0 180.0   5.0 450.0                            LAT/LON1/LON2/DLON/H
   66   67   68   70   71   73   75   77   81   83   86   89   93   96   99  102
  105  108  111  114  117  119  121  123  125  126  128  129  130  130  131  131
  132  132  132  132  131  131  130  129  127  126  124  122  119  117  114  111
  108  106  102   99   96   93   90   87   84   82   79   77   75   73   71   69
   68   67   66   66   65   65   65   65   66
    82.5-180.0 180.0   5.0 450.0                            LAT/LON1/LON2/DLON/H
   50   51   52   54   56   59   61   64   67   71   75   79   84   88   93   97
  101  106  109  112  115  117  119  121  122  123  123  124  124  124  125  125
  125  126  127  127  126  126  126  125  124  122  120  117  115  111  108  104
  100   96   92   89   85   82   78   75   71   69   66   62   60   58   56   53
   52   50   50   49   48   48   48   49   50
    80.0-180.0 180.0   5.0 450.0                            LAT/LON1/LON2/DLON/H
   42   43   45   47   49   51   53   56   60   63   68   72   78   83   88   94
   99  103  108  110  113  115  115  115  114  113  112  111  109  109  108  108
  109  110  111  112  112  113  113  113  112  111  108  106  104  100   97   93
   89   85   82   78   75   71   68   65   62   59   57   54   51   49   47   44
   43   42   41   40   40   40   41   41   42
    77.5-180.0 180.0   5.0 450.0                            LAT/LON1/LON2/DLON/H
   44   45   46   47   49   50   52   55   58   61   66   70   76   82   89   94
  100  105  109  112  114  113  112  109  105  101   97   93   91   88   87   86
   87   88   90   92   93   95   96   96   96   95   94   92   89   86   82   80
   76   73   71   68   66   64   63   60   59   57   55   53   51   48   46   44
   42   41   41   41   41   41   42   43   44
    75.0-180.0 180.0   5.0 450.0                            LAT/LON1/LON2/DLON/H
   51   52   53   53   54   55   57   58   62   65   69   74   80   86   92  100
  106  111  115  118  118  116  112  107  100   93   86   80   75   71   68   67
   67   68   70   72   74   76   77   79   79   78   77   75   73   71   68   66
   64   62   62   61   61   61   61   61   61   60   58   57   55   53   51   50
   48   47   47   47   48   49   50   51   51
    72.5-180.0 180.0   5.0 450.0                            LAT/LON1/LON2/DLON/H
   61   61   61   62   62   63   64   66   69   73   77   82   87   94  101  108
  115  122  126  129  129  126  120  112  101   92   82   74   68   62   58   56
   55   54   55   57   59   60   61   63   64   63   62   60   59   56   55   54
   53   54   54   57   59   61   63   65   66   66   66   65   63   61   59   57
   56   55   56   56   57   58   60   61   61
    70.0-180.0 180.0   5.0 450.0                            LAT/LON1/LON2/DLON/H
   68   68   67   67   67   68   71   74   78   82   87   92   98  104  111  119
  127  135  142  146  146  142  135  124  112  100   90   80   72   67   62   58
   54   51   49   49   49   49   50   50   51   50   50   49   47   46   45   45
   46   48   51   54   59   63   67   70   72   73   73   72   70   67   65   63
   62   62   62   64   65   67   68   68   68
    67.5-180.0 180.0   5.0 450.0                            LAT/LON1/LON2/DLON/H
   70   69   68   67   67   69   73   79   85   92   98  104  109  116  122  132
  142  152  161  167  168  165  156  145  131  118  107   98   91   85   79   72
   65   58   52   47   44   43   42   41   42   42   41   41   40   39   39   39
   41   44   48   53   58   63   69   72   75   76   76   75   72   69   67   65
   64   64   65   67   69   70   71   71   70
    65.0-180.0 180.0   5.0 450.0                            LAT/LON1/LON2/DLON/H
   67   65   63   61   62   66   72   81   91  101  109  115  121  126  134  144
  156  170  182  191  194  191  182  170  157  144  133  124  118  112  105   96
   85   73   62   52   44   39   36   36   36   36   37   36   36   36   36   37
   38   42   46   51   56   62   67   71   74   75   74   72   70   66   64   62
   61   61   63   65   67   69   69   69   67
    62.5-180.0 180.0   5.0 450.0                            LAT/LON1/LON2/DLON/H
   60   57   54   53   54   59   69   82   97  110  121  128  132  137  145  156
  171  188  203  215  219  216  208  196  183  171  161  154  149  144  135  124
  108   91   74   59   47   39   34   32   32   33   35   35   36   36   37   37
   38   40   44   48   54   58   62   66   69   69   69   67   64   60   57   55
   54   55   57   59   61   63   63   63   60
    60.0-180.0 180.0   5.0 450.0                            LAT/LON1/LON2/DLON/H
   52   49   46   44   46   54   66   84  103  119  132  139  144  147  156  168
  186  205  223  235  240  237  228  216  204  194  186  181  178  173  164  151
  131  109   87   68   52   41   35   32   32   34   36   38   40   41   40   40
   40   41   43   46   50   54   57   60   62   63   62   60   57   52   49   48
   47   48   49   51   54   55   56   55   52
    57.5-180.0 180.0   5.0 450.0                            LAT/LON1/LON2/DLON/H
   47   44   41   41   44   53   68   89  111  131  144  151  154  157  166  179
  199  219  238  251  254  250  240  228  217  210  205  203  202  197  188  171
  149  124   98   76   58   46   39   35   34   37   40   44   46   46   46   45
   43   42   43   45   47   50   53   56   58   58   57   55   52   49   45   43
   43   43   44   45   47   49   50   49   47
    55.0-180.0 180.0   5.0 450.0                            LAT/LON1/LON2/DLON/H
   47   46   44   45   50   60   76   99  122  144  157  163  165  168  176  190
  210  230  248  259  259  253  242  231  222  217  216  217  218  214  204  186
  162  134  107   84   67   54   46   42   41   43   47   52   54   55   54   51
   48   46   45   45   47   50   53   56   58   58   57   55   52   49   47   44
   44   44   44   44   45   47   48   48   47
    52.5-180.0 180.0   5.0 450.0                            LAT/LON1/LON2/DLON/H
   52   52   53   57   63   75   91  113  137  158  171  176  177  179  186  201
  219  239  253  260  257  247  236  226  219  219  221  225  227  223  212  193
  167  140  114   92   76   65   58   53   51   53   57   62   65   65   63   59
   55   52   50   50   52   55   58   62   64   64   63   61   57   55   52   51
   50   49   48   48   48   49   50   51   52
    50.0-180.0 180.0   5.0 450.0                            LAT/LON1/LON2/DLON/H
   60   63   68   75   83   94  110  131  152  172  184  188  189  191  199  212
  229  244  255  257  251  238  226  219  216  219  224  230  232  227  214  193
  168  141  117  100   87   79   72   67   64   65   69   73   76   76   73   69
   64   61   59   59   61   64   68   72   74   74   72   70   66   64   62   61
   60   58   56   54   53   54   55   57   60
    47.5-180.0 180.0   5.0 450.0                            LAT/LON1/LON2/DLON/H
   68   74   82   92  103  116  130  147  167  184  196  200  201  203  210  223
  238  250  256  254  243  231  219  214  215  220  228  233  234  226  211  189
  163  138  119  105   97   93   88   83   80   79   82   86   87   86   83   78
   74   71   70   70   73   77   81   85   86   86   83   79   75   73   72   72
   70   68   65   62   61   61   62   65   68
    45.0-180.0 180.0   5.0 450.0                            LAT/LON1/LON2/DLON/H
   74   82   93  106  120  133  147  161  178  194  205  211  212  216  223  235
  247  256  258  253  241  227  218  215  219  227  233  237  234  223  204  180
  155  133  118  109  106  106  104  101   96   95   96   98   99   97   92   87
   83   81   81   82   85   90   94   96   97   95   91   86   82   79   78   78
   78   75   72   68   67   67   68   70   74
    42.5-180.0 180.0   5.0 450.0                            LAT/LON1/LON2/DLON/H
   76   85   98  114  130  145  158  170  184  199  211  218  223  228  236  246
  256  263  263  255  243  231  224  224  230  237  242  241  234  220  198  173
  149  130  117  113  113  117  118  115  112  111  111  111  109  105  100   95
   91   90   90   92   95   99  103  104  103  100   95   89   84   82   80   80
   79   77   74   70   69   70   71   72   76
    40.0-180.0 180.0   5.0 450.0                            LAT/LON1/LON2/DLON/H
   74   83   97  116  134  149  162  173  186  200  213  224  232  240  248  258
  265  270  269  262  251  241  236  237  242  247  249  246  235  218  196  172
  150  133  121  117  119  125  128  129  128  126  125  123  119  112  106  100
   96   95   96   98  100  104  106  108  105  100   94   88   83   80   78   77
   76   73   70   68   68   68   70   71   74
    37.5-180.0 180.0   5.0 450.0                            LAT/LON1/LON2/DLON/H
   69   77   92  111  132  149  162  172  184  198  214  228  239  249  258  266
  273  276  276  271  262  255  250  251  254  257  256  250  238  222  202  181
  163  146  133  127  127  133  138  141  142  141  138  134  127  118  109  102
   98   97   97   99  101  104  106  106  102   97   91   85   80   76   74   72
   69   66   63   62   63   64   65   66   69
    35.0-180.0 180.0   5.0 450.0                            LAT/LON1/LON2/DLON/H
   63   71   86  106  128  146  159  169  181  196  214  231  245  257  266  273
  278  281  282  279  273  267  262  261  261  262  261  256  247  235  221  207
  191  174  157  144  140  142  148  153  156  156  152  144  135  123  112  103
   98   96   95   96   97  100  102  101   98   93   87   82   78   74   71   67
   63   59   56   55   56   58   60   61   63
    32.5-180.0 180.0   5.0 450.0                            LAT/LON1/LON2/DLON/H
   60   67   82  103  125  144  157  168  180  196  216  235  251  263  271  277
  280  283  284  285  282  276  270  266  263  265  266  266  264  260  255  248
  237  220  196  173  160  157  162  168  171  171  165  154  141  128  116  106
   99   95   93   92   92   95   97   98   95   90   87   83   81   78   72   67
   61   56   51   50   51   54   56   57   60
    30.0-180.0 180.0   5.0 450.0                            LAT/LON1/LON2/DLON/H
   61   68   83  104  127  146  160  171  185  202  223  242  258  269  275  277
  280  282  285  288  286  280  272  265  264  268  275  284  292  298  303  305
  299  280  248  214  190  179  180  184  188  186  178  164  149  135  122  111
  103   97   92   88   89   92   96   98   97   94   92   90   89   86   80   73
   65   58   53   51   51   54   56   58   61
    27.5-180.0 180.0   5.0 450.0                            LAT/LON1/LON2/DLON/H
   66   75   90  111  133  153  168  180  196  215  236  253  267  274  277  278
  278  280  284  288  288  281  272  265  267  277  294  313  331  347  363  374
  373  352  312  266  228  207  201  202  204  201  190  174  158  144  130  119
  110  103   96   90   90   94  101  105  105  103  103  103  103  100   92   83
   74   66   60   57   57   59   61   63   66
    25.0-180.0 180.0   5.0 450.0                            LAT/LON1/LON2/DLON/H
   75   84  101  122  145  165  180  195  213  235  254  271  279  282  280  278
  277  279  283  287  288  281  273  270  278  299  326  355  382  406  430  448
  450  427  380  322  271  240  226  221  219  213  200  184  168  154  142  132
  124  115  106   99   98  104  113  119  120  120  119  120  121  118  108   97
   86   78   72   68   66   67   69   71   75
    22.5-180.0 180.0   5.0 450.0                            LAT/LON1/LON2/DLON/H
   85   96  114  136  159  179  197  214  236  258  277  290  295  292  286  281
  280  280  284  288  287  284  281  286  305  337  374  410  441  469  497  519
  522  497  444  376  314  272  249  238  230  222  208  192  178  166  156  148
  141  133  123  115  114  122  132  139  141  140  139  140  140  134  123  110
   99   91   85   80   77   77   77   80   85
    20.0-180.0 180.0   5.0 450.0                            LAT/LON1/LON2/DLON/H
   93  106  126  150  173  194  214  235  259  282  301  312  312  305  295  290
  287  288  290  291  291  291  298  316  348  390  435  474  503  529  555  577
  579  552  496  422  351  301  269  251  238  226  213  199  187  178  171  166
  162  154  145  137  139  147  157  164  164  162  160  159  157  148  135  121
  109  102   96   91   88   85   85   87   93
    17.5-180.0 180.0   5.0 450.0                            LAT/LON1/LON2/DLON/H
   97  112  134  160  186  208  231  255  281  305  324  334  332  321  311  304
  301  302  302  301  301  308  326  358  403  454  500  535  558  577  596  614
  614  585  528  453  379  323  286  260  243  228  215  204  195  189  185  184
  182  177  169  163  165  175  184  189  186  181  177  174  168  158  142  127
  116  108  104   99   95   91   89   90   97
    15.0-180.0 180.0   5.0 450.0                            LAT/LON1/LON2/DLON/H
   97  113  139  167  194  219  245  272  299  323  343  354  352  342  332  326
  324  324  323  320  320  333  364  409  463  516  558  585  598  605  616  627
  622  592  537  468  397  338  297  268  246  230  217  207  200  197  198  199
  200  198  191  187  190  199  207  208  202  194  189  184  176  163  147  131
  120  112  107  103   98   93   89   89   97
    12.5-180.0 180.0   5.0 450.0                            LAT/LON1/LON2/DLON/H
   92  111  138  169  199  227  256  286  313  337  359  372  375  367  360  356
  355  356  354  351  352  371  409  463  519  568  601  615  615  612  613  616
  607  579  531  470  405  350  308  276  252  233  221  211  205  202  205  211
  214  212  208  206  209  216  221  218  209  199  193  187  180  167  150  135
  121  112  108  104   99   91   85   84   92
    10.0-180.0 180.0   5.0 450.0                            LAT/LON1/LON2/DLON/H
   86  105  135  169  202  233  265  296  323  348  372  389  396  394  391  390
  391  394  394  392  396  418  460  513  564  601  619  619  610  600  594  591
  580  555  515  465  410  359  318  286  261  242  227  216  208  206  210  217
  221  221  218  215  217  222  224  218  206  196  190  186  181  170  155  139
  123  113  108  104   99   90   82   79   86
     7.5-180.0 180.0   5.0 450.0                            LAT/LON1/LON2/DLON/H
   82  101  132  168  204  239  272  304  331  356  382  404  417  422  424  426
  430  436  440  442  450  472  510  554  592  613  616  605  591  579  571  564
  553  533  503  463  416  371  332  301  275  254  237  222  211  207  211  218
  222  222  219  215  216  218  216  209  196  186  183  183  182  176  163  146
  128  116  109  106  101   92   82   77   82
     5.0-180.0 180.0   5.0 450.0                            LAT/LON1/LON2/DLON/H
   83  101  133  170  209  245  280  311  338  364  392  417  434  446  453  459
  467  476  486  493  505  525  555  585  605  609  598  581  567  559  553  548
  540  525  502  468  427  385  348  318  292  269  248  229  214  207  211  217
  219  218  214  210  208  208  205  195  183  175  175  180  186  185  174  157
  137  121  113  111  106   97   86   80   83
     2.5-180.0 180.0   5.0 450.0                            LAT/LON1/LON2/DLON/H
   91  108  138  177  216  254  288  319  346  372  400  427  448  464  476  485
  497  510  525  539  554  571  590  605  607  595  576  559  552  551  552  550
  546  536  516  484  442  400  364  334  308  284  260  237  218  209  210  214
  216  213  209  204  201  199  194  184  172  166  169  180  192  195  187  169
  147  129  120  118  115  107   97   89   91
