jplg0240.dat
     1.0            IONOSPHERE MAPS     GPS                 IONEX VERSION / TYPE
GIM V3.0            JPL - GNISD         27-jan-2015 01:39   PGM / RUN BY / DATE 
JPL'S GLOBAL IONOSPHERE MAPS YEAR 2015 DAY 024              COMMENT             
Global Ionospheric Maps (GIM) are generated on an hourly    DESCRIPTION         
and daily basis at JPL using data from up to 100 GPS sites  DESCRIPTION         
of the IGS and others institutions.                         DESCRIPTION         
The vertical TEC is modeled in a solar-geomagnetic          DESCRIPTION         
reference frame using bi-cubic splines on a spherical grid. DESCRIPTION         
A Kalman filter is used to solve simultaneously for         DESCRIPTION         
instrumental biases and VTEC on the grid (as stochastic     DESCRIPTION         
parameters).                                                DESCRIPTION         
Contact Address:  gpsiono@cobra.jpl.nasa.gov .              DESCRIPTION         
  2015     1    24     0     0     0                        EPOCH OF FIRST MAP  
  2015     1    25     0     0     0                        EPOCH OF LAST MAP   
  7200                                                      INTERVAL            
    13                                                      # OF MAPS IN FILE   
  NONE                                                      MAPPING FUNCTION    
    10.0                                                    ELEVATION CUTOFF    
One-way carrier phase leveled to code                       OBSERVABLES USED    
   170                                                      # OF STATIONS       
    31                                                      # OF SATELLITES     
  6371.0                                                    BASE RADIUS         
     2                                                      MAP DIMENSION       
   450.0 450.0   0.0                                        HGT1 / HGT2 / DHGT  
    87.5 -87.5  -2.5                                        LAT1 / LAT2 / DLAT  
  -180.0 180.0   5.0                                        LON1 / LON2 / DLON  
    -1                                                      EXPONENT            
TEC/RMS values in 0.1 TECU; 9999, if no value available     COMMENT             
                                                            END OF HEADER       
[from data line 4290]
    11                                                      START OF TEC MAP    
  2015     1    24    20     0     0                        EPOCH OF CURRENT MAP
    87.5-180.0 180.0   5.0 450.0                            LAT/LON1/LON2/DLON/H
   44   44   44   45   45   46   47   48   49   50   52   53   55   56   58   59
   61   63   64   66   67   68   69   71   71   72   73   73   74   74   74   74
   73   73   72   71   71   70   69   68   66   65   64   62   61   60   58   57
   56   54   53   52   51   50   49   48   47   47   46   46   45   45   44   44
   44   43   43   43   43   43   43   43   44
    85.0-180.0 180.0   5.0 450.0                            LAT/LON1/LON2/DLON/H
   44   44   44   44   45   45   46   47   49   51   54   57   60   63   67   70
   74   77   81   84   86   89   91   93   95   96   97   97   98   97   97   96
   96   94   93   91   90   88   85   83   81   78   75   73   70   67   65   62
   60   57   55   53   51   50   48   47   46   46   45   45   45   45   44   44
   44   44   44   44   44   44   44   44   44
    82.5-180.0 180.0   5.0 450.0                            LAT/LON1/LON2/DLON/H
   54   53   53   52   52   52   52   53   55   58   61   66   70   76   81   86
   92   97  101  105  109  112  114  116  117  118  118  118  117  116  115  114
  112  110  108  106  103  100   97   94   91   88   85   81   77   74   70   67
   64   61   58   55   53   51   50   49   48   48   48   49   49   50   51   52
   53   53   54   54   55   55   55   54   54
    80.0-180.0 180.0   5.0 450.0                            LAT/LON1/LON2/DLON/H
   70   69   68   67   66   65   64   65   66   69   73   78   85   92   99  107
  113  120  125  129  132  133  134  134  133  132  130  128  126  124  121  119
  117  114  112  109  106  104  101   98   95   92   88   85   81   78   74   71
   67   64   61   58   56   54   53   52   52   52   53   54   55   57   59   61
   63   65   67   68   69   70   70   70   70
    77.5-180.0 180.0   5.0 450.0                            LAT/LON1/LON2/DLON/H
   86   85   84   83   81   79   78   78   79   82   87   94  102  111  121  130
  138  144  149  151  152  150  147  143  138  134  129  125  122  119  117  114
  112  110  107  104  101   98   96   93   90   88   86   83   81   78   75   72
   69   66   63   61   59   57   56   55   55   56   57   58   59   62   64   67
   70   73   76   79   81   84   85   86   86
    75.0-180.0 180.0   5.0 450.0                            LAT/LON1/LON2/DLON/H
   97   98   97   96   95   93   92   92   93   97  104  112  123  134  145  155
  163  168  170  170  166  160  152  143  134  125  118  112  108  105  103  102
  100   99   97   94   91   88   85   83   81   79   78   77   76   74   73   71
   69   67   65   63   62   60   59   59   58   58   58   59   60   62   64   66
   70   73   77   81   85   89   92   95   97
    72.5-180.0 180.0   5.0 450.0                            LAT/LON1/LON2/DLON/H
   97  101  103  105  105  104  104  105  108  114  122  133  144  157  169  178
  186  189  189  185  177  166  152  138  125  114  103   94   88   85   84   85
   85   85   84   82   79   75   72   70   68   67   67   67   68   68   68   68
   67   66   65   65   64   63   62   61   60   59   59   58   58   58   60   62
   64   67   71   75   79   83   88   93   97
    70.0-180.0 180.0   5.0 450.0                            LAT/LON1/LON2/DLON/H
   89   96  102  107  111  114  116  119  124  131  141  153  165  178  190  200
  206  209  206  199  187  170  151  134  118  104   91   79   71   67   66   67
   70   72   72   70   67   63   60   57   55   55   55   57   59   60   62   63
   64   64   65   65   65   65   64   63   62   60   58   56   55   54   54   54
   56   57   60   63   66   71   76   82   89
    67.5-180.0 180.0   5.0 450.0                            LAT/LON1/LON2/DLON/H
   77   87   98  107  115  122  128  133  140  149  159  171  185  197  209  219
  225  227  224  215  199  178  155  134  116  102   88   74   63   55   52   53
   56   59   61   60   57   53   49   45   43   43   44   47   49   52   55   58
   60   61   63   64   65   65   65   64   62   60   57   54   52   50   49   48
   48   48   49   50   52   56   61   68   77
    65.0-180.0 180.0   5.0 450.0                            LAT/LON1/LON2/DLON/H
   67   80   94  108  120  131  140  149  157  167  177  189  201  214  226  236
  243  246  243  232  214  190  165  142  125  110   96   81   66   54   47   45
   47   51   53   52   49   45   40   35   33   33   35   38   42   46   50   53
   55   58   59   61   62   63   64   63   61   59   56   53   50   49   47   46
   45   44   43   42   42   44   49   56   67
    62.5-180.0 180.0   5.0 450.0                            LAT/LON1/LON2/DLON/H
   62   77   94  112  128  143  155  165  175  184  193  204  215  227  239  250
  259  263  261  251  232  207  180  157  140  126  112   96   77   61   50   45
   44   46   48   48   45   40   34   29   27   27   29   34   38   43   47   50
   52   54   56   58   59   61   62   61   60   58   55   53   51   50   49   48
   46   45   43   41   40   40   44   51   62
    60.0-180.0 180.0   5.0 450.0                            LAT/LON1/LON2/DLON/H
   66   82  101  121  140  157  172  183  193  200  208  216  226  237  249  261
  271  277  277  268  249  224  198  175  159  146  133  115   95   75   60   51
   48   48   48   47   44   39   33   28   25   26   29   34   39   43   47   49
   51   52   54   55   57   59   60   61   60   58   57   55   54   53   53   53
   52   50   48   46   45   45   48   55   66
    57.5-180.0 180.0   5.0 450.0                            LAT/LON1/LON2/DLON/H
   77   93  113  134  156  175  191  203  211  216  221  227  234  244  255  267
  278  287  288  281  263  239  214  193  178  166  153  136  115   93   76   63
   57   54   53   51   47   42   37   32   30   31   35   40   44   48   50   51
   52   53   53   55   56   59   61   62   62   62   60   59   58   59   59   59
   59   58   56   55   54   55   59   66   77
    55.0-180.0 180.0   5.0 450.0                            LAT/LON1/LON2/DLON/H
   91  108  128  151  175  196  212  222  228  231  233  236  241  248  257  269
  280  289  292  286  270  249  227  208  194  182  170  153  133  112   93   79
   70   64   61   58   55   52   47   43   41   42   46   50   54   57   57   57
   56   56   56   57   60   62   65   67   69   69   68   66   65   65   66   66
   66   65   65   64   65   67   71   79   91
    52.5-180.0 180.0   5.0 450.0                            LAT/LON1/LON2/DLON/H
  106  123  144  169  195  217  233  242  246  246  245  244  246  251  258  268
  278  286  289  284  271  253  234  218  205  194  182  167  148  128  110   94
   83   76   71   68   67   66   63   60   58   58   61   65   68   68   67   65
   63   62   63   64   67   70   73   76   78   79   77   75   73   72   72   71
   71   70   70   70   72   76   82   92  106
    50.0-180.0 180.0   5.0 450.0                            LAT/LON1/LON2/DLON/H
  117  136  159  186  213  236  252  261  263  260  256  253  252  254  259  267
  276  282  284  279  269  255  239  225  213  202  191  176  158  140  122  106
   94   85   81   79   81   83   82   80   77   76   78   81   83   82   79   75
   71   71   72   74   76   79   83   86   89   90   88   84   81   78   77   75
   74   72   72   72   75   80   89  101  117
    47.5-180.0 180.0   5.0 450.0                            LAT/LON1/LON2/DLON/H
  125  146  170  198  226  251  267  276  278  275  269  263  261  261  264  270
  276  280  280  275  266  255  243  231  220  209  197  182  165  146  129  113
  101   92   89   90   94   99  101   99   96   95   96   98   99   97   92   86
   81   80   82   84   86   89   92   96   99   99   97   92   87   83   80   77
   75   73   72   72   74   80   91  106  125
    45.0-180.0 180.0   5.0 450.0                            LAT/LON1/LON2/DLON/H
  130  152  177  205  234  259  277  288  291  288  282  276  272  271  273  278
  282  283  280  274  267  258  249  238  228  216  202  185  167  147  129  114
  103   96   95   99  106  113  117  116  113  111  112  113  114  111  104   96
   91   89   91   93   95   97  100  103  105  105  102   97   91   86   82   78
   75   73   71   70   72   79   92  109  130
    42.5-180.0 180.0   5.0 450.0                            LAT/LON1/LON2/DLON/H
  133  156  180  207  234  260  281  296  302  302  296  290  286  285  287  291
  294  292  286  279  272  266  258  248  237  223  207  188  166  145  127  113
  104  100  100  106  114  122  127  128  126  124  125  127  127  123  115  106
   99   97   97   99  100  101  103  106  107  106  103   97   91   86   81   78
   75   72   71   70   71   78   92  112  133
    40.0-180.0 180.0   5.0 450.0                            LAT/LON1/LON2/DLON/H
  138  159  182  206  232  257  280  299  311  315  312  306  302  301  304  308
  310  306  297  288  281  276  269  260  247  232  213  191  167  145  127  114
  107  104  106  111  119  126  132  134  133  133  135  136  137  132  123  113
  105  101  101  101  102  102  104  105  106  104  100   95   89   84   80   77
   75   73   72   71   73   81   96  116  138
    37.5-180.0 180.0   5.0 450.0                            LAT/LON1/LON2/DLON/H
  144  164  184  206  229  253  278  302  319  328  328  324  320  318  322  328
  329  323  311  300  292  287  280  270  257  240  220  197  173  150  133  122
  116  113  114  117  122  128  133  136  138  139  140  142  142  138  128  117
  108  103  102  101  101  101  102  103  103  101   97   92   86   82   78   76
   75   75   74   75   79   88  103  123  144
    35.0-180.0 180.0   5.0 450.0                            LAT/LON1/LON2/DLON/H
  153  171  190  209  230  253  279  305  327  340  344  342  337  336  341  348
  350  342  327  313  302  295  288  278  265  248  229  208  185  164  148  139
  133  130  128  127  128  130  133  137  139  140  142  143  144  139  130  119
  109  104  101  100  100  100  101  102  102   99   95   89   84   80   78   77
   77   77   78   80   86   97  113  133  153
    32.5-180.0 180.0   5.0 450.0                            LAT/LON1/LON2/DLON/H
  164  182  200  218  237  258  283  310  334  351  359  359  354  353  360  369
  371  361  344  325  310  299  290  280  269  255  241  224  206  188  175  166
  160  155  149  144  138  135  135  138  140  140  140  141  142  139  129  118
  108  103  100   99   99  100  102  103  103  101   96   90   84   80   79   79
   80   81   82   86   94  107  125  144  164
    30.0-180.0 180.0   5.0 450.0                            LAT/LON1/LON2/DLON/H
  176  195  214  232  251  271  293  317  340  358  369  372  369  369  378  388
  391  380  360  335  314  299  288  279  270  263  256  248  236  222  210  202
  197  190  181  170  157  146  141  141  141  138  136  138  140  137  128  116
  106  101   99   99  100  103  105  107  108  105   99   92   86   83   81   82
   84   85   87   91  101  117  136  157  176
    27.5-180.0 180.0   5.0 450.0                            LAT/LON1/LON2/DLON/H
  191  212  233  252  271  289  308  326  344  361  374  380  382  385  395  406
  409  397  374  345  318  298  285  278  275  275  278  279  274  264  253  246
  242  235  224  207  185  164  151  146  141  135  132  134  137  136  126  113
  103   99   99  100  103  107  110  113  114  111  104   96   90   86   85   87
   89   89   90   95  107  125  146  169  191
    25.0-180.0 180.0   5.0 450.0                            LAT/LON1/LON2/DLON/H
  208  233  256  276  296  314  329  340  351  363  375  385  392  399  411  422
  424  412  387  354  322  299  286  283  287  297  310  321  323  315  303  296
  294  289  276  252  219  186  164  152  142  132  128  131  137  136  125  110
  101   98  100  103  108  112  116  119  120  117  109  100   93   89   88   91
   93   92   93   99  112  131  156  182  208
    22.5-180.0 180.0   5.0 450.0                            LAT/LON1/LON2/DLON/H
  226  256  282  304  325  343  355  359  362  368  377  391  404  415  426  435
  435  423  398  364  330  306  296  298  311  331  355  375  382  373  357  349
  349  346  329  298  254  209  177  157  141  129  125  131  139  139  127  110
  100   99  103  109  114  118  121  124  125  121  113  102   94   90   90   94
   96   95   95  101  116  138  165  195  226
    20.0-180.0 180.0   5.0 450.0                            LAT/LON1/LON2/DLON/H
  246  282  310  334  358  377  388  388  383  381  387  403  422  435  444  448
  445  432  408  375  343  322  317  328  351  382  414  439  447  434  411  399
  399  395  374  336  283  228  188  161  140  126  124  133  143  143  130  112
  102  103  109  116  122  125  126  127  127  123  114  102   94   90   90   94
   97   96   97  104  121  144  175  209  246
    17.5-180.0 180.0   5.0 450.0                            LAT/LON1/LON2/DLON/H
  267  307  338  365  391  414  427  427  419  409  409  427  450  464  469  467
  459  444  421  392  364  347  349  370  402  440  477  504  510  491  460  441
  438  430  403  358  299  240  196  164  140  126  127  138  149  149  136  118
  110  112  118  126  131  132  130  129  128  124  113  101   92   88   89   93
   96   96   99  108  126  153  186  225  267
    15.0-180.0 180.0   5.0 450.0                            LAT/LON1/LON2/DLON/H
  287  330  364  393  422  450  469  473  465  452  449  467  492  506  506  497
  482  463  441  415  392  381  390  418  456  498  535  560  563  537  498  470
  459  443  408  359  301  246  203  171  144  131  135  147  157  156  143  128
  121  124  130  136  140  139  134  131  129  124  113  100   91   87   88   91
   95   96  101  113  133  162  198  241  287
    12.5-180.0 180.0   5.0 450.0                            LAT/LON1/LON2/DLON/H
  305  350  385  416  448  482  507  519  516  502  499  520  549  564  559  542
  519  495  471  447  428  422  435  467  507  546  579  598  595  565  519  483
  460  434  393  346  296  250  214  183  157  146  151  162  168  164  151  140
  135  137  142  147  149  146  139  134  131  125  113  101   92   87   87   91
   94   97  103  118  142  173  212  257  305
    10.0-180.0 180.0   5.0 450.0                            LAT/LON1/LON2/DLON/H
  320  366  401  433  467  504  537  558  561  552  551  576  610  628  623  601
  570  540  514  491  474  469  484  514  547  576  598  608  601  571  524  482
  450  415  372  330  293  259  230  204  181  171  175  182  181  172  160  151
  148  149  152  156  157  152  144  138  135  129  117  104   95   90   90   92
   95   98  107  125  151  185  225  271  320
     7.5-180.0 180.0   5.0 450.0                            LAT/LON1/LON2/DLON/H
  332  376  412  443  478  516  552  581  593  591  596  626  664  686  684  661
  626  592  564  542  525  520  532  554  574  589  597  598  588  562  520  476
  438  397  355  323  299  278  257  234  214  205  206  205  197  182  169  161
  159  159  160  162  161  157  150  145  142  135  124  111  102   97   95   95
   97  101  112  133  161  197  238  284  332
     5.0-180.0 180.0   5.0 450.0                            LAT/LON1/LON2/DLON/H
  340  382  417  448  481  518  555  587  605  612  623  657  698  726  730  709
  674  640  613  591  575  569  575  588  593  591  586  578  567  547  513  472
  433  392  356  334  323  311  291  269  251  243  239  231  215  194  178  169
  165  164  164  165  164  162  157  154  151  144  133  121  112  106  102  101
  101  106  118  141  172  207  248  293  340
     2.5-180.0 180.0   5.0 450.0                            LAT/LON1/LON2/DLON/H
  343  384  419  449  480  513  548  580  603  615  630  662  703  735  746  732
  702  673  650  631  617  609  611  614  606  591  575  562  551  536  511  478
  443  408  379  365  360  349  327  303  286  278  269  255  233  207  187  175
  169  166  166  167  167  166  165  164  161  154  143  132  123  117  111  107
  106  110  124  150  181  217  255  298  343
