jplg0240.dat
     1.0            IONOSPHERE MAPS     GPS                 IONEX VERSION / TYPE
GIM V3.0            JPL - GNISD         27-jan-2015 01:39   PGM / RUN BY / DATE 
JPL'S GLOBAL IONOSPHERE MAPS YEAR 2015 DAY 024              COMMENT             
Global Ionospheric Maps (GIM) are generated on an hourly    DESCRIPTION         
and daily basis at JPL using data from up to 100 GPS sites  DESCRIPTION         
of the IGS and others institutions.                         DESCRIPTION         
The vertical TEC is modeled in a solar-geomagnetic          DESCRIPTION         
reference frame using bi-cubic splines on a spherical grid. DESCRIPTION         
A Kalman filter is used to solve simultaneously for         DESCRIPTION         
instrumental biases and VTEC on the grid (as stochastic     DESCRIPTION         
parameters).                                                DESCRIPTION         
Contact Address:  gpsiono@cobra.jpl.nasa.gov .              DESCRIPTION         
  2015     1    24     0     0     0                        EPOCH OF FIRST MAP  
  2015     1    25     0     0     0                        EPOCH OF LAST MAP   
  7200                                                      INTERVAL            
    13                                                      # OF MAPS IN FILE   
  NONE                                                      MAPPING FUNCTION    
    10.0                                                    ELEVATION CUTOFF    
One-way carrier phase leveled to code                       OBSERVABLES USED    
   170                                                      # OF STATIONS       
    31                                                      # OF SATELLITES     
  6371.0                                                    BASE RADIUS         
     2                                                      MAP DIMENSION       
   450.0 450.0   0.0                                        HGT1 / HGT2 / DHGT  
    87.5 -87.5  -2.5                                        LAT1 / LAT2 / DLAT  
  -180.0 180.0   5.0                                        LON1 / LON2 / DLON  
    -1                                                      EXPONENT            
TEC/RMS values in 0.1 TECU; 9999, if no value available     COMMENT             
                                                            END OF HEADER       
[from data line 4719]
    12                                                      START OF TEC MAP    
  2015     1    24    22     0     0                        EPOCH OF CURRENT MAP
    87.5-180.0 180.0   5.0 450.0                            LAT/LON1/LON2/DLON/H
   47   47   48   48   48   49   49   50   51   52   53   54   55   56   57   58
   59   60   61   62   63   64   64   65   65   66   66   66   66   65   65   65
   64   63   63   62   61   60   59   58   57   56   55   54   53   53   52   51
   50   50   49   49   48   48   48   48   47   47   47   47   47   47   47   47
   47   47   47   47   47   47   47   47   47
    85.0-180.0 180.0   5.0 450.0                            LAT/LON1/LON2/DLON/H
   51   51   51   51   52   52   53   55   56   58   60   63   65   68   71   73
   76   78   80   83   84   86   87   88   89   90   90   90   90   89   88   87
   86   84   83   81   79   76   74   72   70   67   65   63   61   60   58   57
   55   54   53   53   52   52   52   52   52   53   53   53   54   54   54   54
   54   54   54   53   53   53   52   52   51
    82.5-180.0 180.0   5.0 450.0                            LAT/LON1/LON2/DLON/H
   60   60   59   59   59   60   62   64   66   69   73   77   81   85   89   93
   96  100  103  106  108  110  112  113  114  115  115  116  115  114  113  112
  110  107  104  101   98   95   91   87   84   80   77   74   71   68   66   64
   62   61   60   59   59   59   59   60   61   62   63   64   65   65   66   66
   66   66   66   65   64   63   62   61   60
    80.0-180.0 180.0   5.0 450.0                            LAT/LON1/LON2/DLON/H
   71   71   71   71   72   74   76   79   82   87   91   96  101  106  111  115
  119  122  124  127  129  130  131  133  134  134  135  135  135  134  133  131
  129  126  123  119  115  110  106  101   96   92   88   83   80   76   74   71
   69   67   66   66   66   66   66   67   69   70   72   73   75   76   77   78
   78   78   78   77   76   75   74   72   71
    77.5-180.0 180.0   5.0 450.0                            LAT/LON1/LON2/DLON/H
   83   84   85   86   89   92   95   99  104  109  114  119  124  129  133  136
  139  140  141  141  141  141  140  140  141  141  142  142  143  143  142  141
  139  136  133  129  125  120  115  110  105   99   94   90   85   82   78   76
   73   72   71   70   70   70   70   71   72   74   75   77   78   80   81   82
   83   84   84   84   84   84   84   83   83
    75.0-180.0 180.0   5.0 450.0                            LAT/LON1/LON2/DLON/H
   95   97  100  104  108  113  118  123  128  134  139  144  148  151  153  154
  154  152  149  146  143  140  137  135  134  135  136  137  138  139  139  138
  137  135  132  129  126  122  117  112  107  102   96   91   87   83   79   76
   74   72   71   71   70   70   70   71   72   72   73   74   75   76   77   78
   80   81   83   84   86   88   90   92   95
    72.5-180.0 180.0   5.0 450.0                            LAT/LON1/LON2/DLON/H
  104  110  117  123  129  135  142  148  154  160  165  169  172  173  172  168
  164  158  152  145  138  132  127  123  120  119  120  122  124  126  126  125
  124  122  120  118  116  114  111  107  103   98   93   88   83   79   75   73
   71   70   69   69   69   68   68   68   68   68   68   67   67   67   68   69
   70   72   75   79   83   88   93   98  104
    70.0-180.0 180.0   5.0 450.0                            LAT/LON1/LON2/DLON/H
  113  123  132  141  150  158  165  173  180  186  191  194  194  192  187  181
  172  163  153  143  133  124  116  109  103  100  100  102  104  106  106  105
  103  102  101  100   99   98   97   95   92   88   84   79   75   71   68   66
   65   65   65   65   66   66   66   65   64   63   61   60   58   57   57   57
   59   62   66   72   78   86   94  103  113
    67.5-180.0 180.0   5.0 450.0                            LAT/LON1/LON2/DLON/H
  123  135  147  158  169  178  187  196  204  210  215  217  215  210  202  192
  181  170  158  146  133  122  111  100   90   83   80   80   82   83   83   82
   81   79   78   78   79   79   79   78   77   74   71   68   65   62   60   59
   59   60   61   62   63   63   63   63   61   59   57   54   51   49   48   48
   50   54   59   66   75   85   97  109  123
    65.0-180.0 180.0   5.0 450.0                            LAT/LON1/LON2/DLON/H
  134  149  163  175  186  196  206  216  225  232  236  236  233  225  216  204
  192  180  168  155  142  129  116  101   86   72   64   61   61   62   62   61
   60   59   59   59   59   60   60   60   60   59   58   56   55   53   53   53
   53   55   57   59   61   62   63   63   61   59   55   52   49   46   45   45
   47   51   57   65   75   88  103  119  134
    62.5-180.0 180.0   5.0 450.0                            LAT/LON1/LON2/DLON/H
  149  164  179  191  202  212  223  233  242  249  253  252  247  239  229  217
  206  195  183  171  158  144  129  110   89   70   55   48   46   46   46   46
   46   46   46   46   46   45   45   45   46   47   47   48   48   48   48   49
   51   53   55   58   60   63   64   64   63   60   57   53   50   48   47   47
   50   54   61   70   82   97  114  131  149
    60.0-180.0 180.0   5.0 450.0                            LAT/LON1/LON2/DLON/H
  166  181  195  206  217  227  237  247  255  262  265  264  258  250  240  231
  221  211  200  188  176  162  145  123   98   74   54   43   39   38   39   41
   42   43   43   42   40   38   36   35   37   39   42   45   47   48   49   50
   51   53   55   58   62   65   67   67   66   64   60   57   54   52   51   53
   56   61   69   80   94  111  129  148  166
    57.5-180.0 180.0   5.0 450.0                            LAT/LON1/LON2/DLON/H
  184  199  211  222  231  240  249  259  267  272  274  272  266  258  251  243
  235  226  216  205  193  179  162  138  110   83   61   47   42   41   43   45
   47   48   48   46   43   39   35   34   36   40   45   49   52   54   54   54
   54   56   58   61   65   68   71   72   71   68   65   61   59   57   57   59
   64   71   80   92  108  127  147  167  184
    55.0-180.0 180.0   5.0 450.0                            LAT/LON1/LON2/DLON/H
  202  216  227  237  245  253  261  269  276  281  281  278  272  266  260  254
  248  238  227  216  204  191  174  150  123   96   74   60   54   53   54   56
   57   58   58   56   52   48   44   43   45   49   54   60   63   64   64   62
   61   61   63   66   70   74   77   78   76   74   70   67   64   62   62   65
   71   80   91  104  122  142  164  184  202
    52.5-180.0 180.0   5.0 450.0                            LAT/LON1/LON2/DLON/H
  216  230  242  251  259  266  273  280  285  288  287  283  277  272  268  264
  258  247  234  221  209  196  180  159  134  111   91   78   72   70   70   70
   70   70   69   67   65   62   60   60   61   65   70   75   78   78   76   73
   70   69   70   73   77   81   84   84   82   79   75   71   68   66   66   69
   77   87  100  115  134  156  178  199  216
    50.0-180.0 180.0   5.0 450.0                            LAT/LON1/LON2/DLON/H
  226  242  254  264  272  279  285  290  294  295  293  289  282  277  275  272
  266  255  240  225  211  198  183  164  144  125  108   97   91   87   85   82
   80   78   78   78   78   79   80   80   81   83   88   93   96   95   91   85
   80   77   78   81   85   89   91   91   88   84   80   76   71   68   68   72
   81   93  108  124  143  165  187  208  226
    47.5-180.0 180.0   5.0 450.0                            LAT/LON1/LON2/DLON/H
  232  249  264  277  286  293  298  301  303  303  300  294  288  283  280  279
  274  262  245  228  213  199  185  169  153  137  124  114  107  102   95   89
   84   82   82   85   90   95   99  100  101  102  106  110  113  111  105   98
   91   87   86   89   93   98   99   97   93   88   84   79   74   70   70   74
   85   99  115  131  150  170  192  212  232
    45.0-180.0 180.0   5.0 450.0                            LAT/LON1/LON2/DLON/H
  234  254  273  289  301  309  312  312  312  310  306  301  293  287  285  286
  282  271  254  236  220  205  190  175  160  147  136  126  118  109   99   90
   83   81   84   90   99  108  114  117  117  118  121  126  129  127  119  109
  101   95   93   96  101  105  105  102   97   91   86   81   76   72   72   78
   90  105  122  138  155  174  194  214  234
    42.5-180.0 180.0   5.0 450.0                            LAT/LON1/LON2/DLON/H
  237  259  280  301  318  327  328  324  320  317  313  307  299  292  290  292
  292  283  268  249  232  216  199  183  167  154  143  132  122  111   99   88
   81   80   85   93  104  115  124  127  128  129  133  139  143  139  130  118
  108  102   99  101  106  109  109  105   99   93   88   83   78   75   75   82
   96  112  129  145  161  177  195  215  237
    40.0-180.0 180.0   5.0 450.0                            LAT/LON1/LON2/DLON/H
  240  263  288  312  333  344  344  337  329  324  319  313  305  298  296  299
  302  296  283  266  249  231  212  193  175  159  147  135  123  111   99   88
   81   81   87   97  108  119  127  132  133  136  141  148  152  147  136  123
  112  105  103  105  109  112  111  106  100   93   88   83   79   77   79   88
  103  121  138  154  168  183  199  218  240
    37.5-180.0 180.0   5.0 450.0                            LAT/LON1/LON2/DLON/H
  246  269  294  321  345  359  357  348  337  329  324  319  313  305  303  306
  311  309  299  284  266  247  226  203  181  163  149  136  124  112  102   93
   88   89   95  103  112  121  129  134  136  140  147  154  156  149  136  123
  112  106  104  105  109  112  111  106   99   92   87   82   79   79   84   95
  111  130  148  164  178  191  207  225  246
    35.0-180.0 180.0   5.0 450.0                            LAT/LON1/LON2/DLON/H
  256  276  299  326  352  367  366  356  344  335  330  327  322  315  311  314
  319  320  312  299  282  263  240  213  188  167  151  139  127  118  111  106
  104  105  109  113  119  125  131  135  138  142  149  156  156  147  133  120
  110  105  103  104  108  110  109  104   97   90   85   81   79   81   88  101
  120  140  159  176  190  203  219  237  256
    32.5-180.0 180.0   5.0 450.0                            LAT/LON1/LON2/DLON/H
  271  286  303  326  350  367  370  362  351  342  338  337  334  327  320  320
  325  326  320  309  293  274  250  221  193  171  155  144  135  130  127  127
  126  126  127  128  130  133  137  139  141  145  151  156  153  142  127  115
  106  102  100  101  104  107  106  101   95   88   82   79   78   81   91  107
  128  150  171  189  204  219  236  255  271
    30.0-180.0 180.0   5.0 450.0                            LAT/LON1/LON2/DLON/H
  292  301  310  326  345  362  369  366  358  351  348  349  348  340  331  327
  329  330  324  313  298  280  257  227  198  176  163  155  150  148  150  152
  153  150  148  146  146  147  148  148  147  147  152  155  150  136  121  110
  103   99   97   97   99  101  100   97   91   85   80   76   76   81   92  111
  135  160  183  204  222  240  259  278  292
    27.5-180.0 180.0   5.0 450.0                            LAT/LON1/LON2/DLON/H
  321  325  327  333  345  360  371  373  369  364  362  364  364  355  343  334
  333  332  326  315  300  284  262  235  207  188  178  174  174  176  180  182
  181  175  170  167  166  166  164  160  154  151  152  153  147  133  118  108
  101   96   93   92   93   94   94   92   88   82   77   73   74   80   93  114
  142  170  196  219  242  264  288  308  321
    25.0-180.0 180.0   5.0 450.0                            LAT/LON1/LON2/DLON/H
  360  362  357  354  357  370  385  392  391  386  383  384  382  372  356  344
  339  336  329  316  301  287  270  247  223  208  204  207  210  213  216  215
  209  199  190  188  188  186  181  173  162  154  152  152  145  132  119  108
  100   94   89   86   86   87   88   88   85   80   74   71   71   78   94  118
  149  181  210  237  264  293  322  346  360
    22.5-180.0 180.0   5.0 450.0                            LAT/LON1/LON2/DLON/H
  406  411  406  395  391  401  419  429  428  421  415  411  405  391  373  357
  349  344  335  320  303  291  281  266  250  241  245  255  261  262  259  249
  235  219  208  206  207  204  196  184  170  157  152  150  144  133  121  110
  101   92   86   81   80   81   84   85   83   78   72   68   68   78   96  124
  158  192  224  255  288  323  358  387  406
    20.0-180.0 180.0   5.0 450.0                            LAT/LON1/LON2/DLON/H
  454  466  465  454  448  459  480  491  487  474  461  449  436  417  396  377
  365  358  347  327  307  299  299  295  288  289  301  316  322  318  303  282
  258  236  222  219  219  215  206  193  175  160  152  149  144  135  125  113
  102   92   83   78   76   77   80   83   83   78   71   65   66   78  100  131
  168  205  239  274  312  352  392  428  454
    17.5-180.0 180.0   5.0 450.0                            LAT/LON1/LON2/DLON/H
  497  519  526  520  518  536  565  580  573  551  525  501  478  453  428  406
  391  380  366  342  318  312  322  331  335  344  363  380  383  369  342  309
  276  248  231  225  223  217  208  196  179  161  152  148  144  137  128  116
  103   91   82   76   73   75   79   84   84   79   71   64   65   79  106  140
  180  219  255  292  334  378  423  463  497
    15.0-180.0 180.0   5.0 450.0                            LAT/LON1/LON2/DLON/H
  528  560  577  581  588  617  657  680  673  647  610  571  535  502  473  449
  429  414  396  366  337  333  352  372  385  399  421  436  431  406  368  325
  286  256  235  226  220  213  206  196  180  162  152  147  143  138  129  118
  104   91   82   76   73   75   81   87   88   83   73   65   66   83  113  151
  192  232  271  310  353  399  445  489  528
    12.5-180.0 180.0   5.0 450.0                            LAT/LON1/LON2/DLON/H
  544  582  609  625  644  686  738  769  769  742  699  651  605  565  533  507
  482  462  438  402  368  362  386  415  433  448  465  472  455  418  372  325
  287  259  239  227  218  209  203  195  180  163  152  147  142  137  130  118
  104   92   84   79   76   78   85   92   93   88   78   69   70   89  122  161
  203  244  284  324  368  414  459  502  544
    10.0-180.0 180.0   5.0 450.0                            LAT/LON1/LON2/DLON/H
  547  586  619  644  673  725  786  828  837  816  774  724  674  633  603  577
  550  524  494  452  413  403  425  455  474  483  488  479  447  401  354  313
  284  263  248  237  225  214  205  194  178  163  153  147  141  136  129  117
  105   94   87   84   82   85   92   99  101   96   86   76   77   98  132  171
  212  253  293  334  378  423  466  507  547
     7.5-180.0 180.0   5.0 450.0                            LAT/LON1/LON2/DLON/H
  542  578  613  644  677  727  787  835  857  849  818  774  728  692  669  648
  621  591  557  513  470  452  466  492  506  504  493  464  417  367  326  297
  282  274  268  261  250  234  217  197  176  162  154  147  140  133  127  117
  105   97   93   92   92   95  101  108  110  106   96   86   88  108  142  180
  218  257  297  339  383  426  467  505  542
     5.0-180.0 180.0   5.0 450.0                            LAT/LON1/LON2/DLON/H
  532  564  599  632  663  701  748  791  818  824  811  784  753  728  717  706
  683  652  618  575  530  504  507  524  530  516  486  438  379  329  299  287
  289  297  304  307  296  272  241  206  176  161  155  148  138  131  124  116
  107  101  100  102  104  108  113  118  120  116  107   98  100  120  152  186
  221  257  295  337  381  425  465  500  532
     2.5-180.0 180.0   5.0 450.0                            LAT/LON1/LON2/DLON/H
  523  552  586  619  643  663  689  716  739  753  754  746  735  730  735  737
  722  696  666  628  585  552  543  550  547  522  477  413  345  300  285  293
  312  336  358  370  357  322  272  219  178  161  156  147  136  127  121  115
  109  107  109  113  117  122  126  129  129  125  118  109  111  130  160  191
  222  255  290  331  376  421  461  495  523
