jplg0240.dat
     1.0            IONOSPHERE MAPS     GPS                 IONEX VERSION / TYPE
GIM V3.0            JPL - GNISD         27-jan-2015 01:39   PGM / RUN BY / DATE 
JPL'S GLOBAL IONOSPHERE MAPS YEAR 2015 DAY 024              COMMENT             
Global Ionospheric Maps (GIM) are generated on an hourly    DESCRIPTION         
and daily basis at JPL using data from up to 100 GPS sites  DESCRIPTION         
of the IGS and others institutions.                         DESCRIPTION         
The vertical TEC is modeled in a solar-geomagnetic          DESCRIPTION         
reference frame using bi-cubic splines on a spherical grid. DESCRIPTION         
A Kalman filter is used to solve simultaneously for         DESCRIPTION         
instrumental biases and VTEC on the grid (as stochastic     DESCRIPTION         
parameters).                                                DESCRIPTION         
Contact Address:  gpsiono@cobra.jpl.nasa.gov .              DESCRIPTION         
  2015     1    24     0     0     0                        EPOCH OF FIRST MAP  
  2015     1    25     0     0     0                        EPOCH OF LAST MAP   
  7200                                                      INTERVAL            
    13                                                      # OF MAPS IN FILE   
  NONE                                                      MAPPING FUNCTION    
    10.0                                                    ELEVATION CUTOFF    
One-way carrier phase leveled to code                       OBSERVABLES USED    
   170                                                      # OF STATIONS       
    31                                                      # OF SATELLITES     
  6371.0                                                    BASE RADIUS         
     2                                                      MAP DIMENSION       
   450.0 450.0   0.0                                        HGT1 / HGT2 / DHGT  
    87.5 -87.5  -2.5                                        LAT1 / LAT2 / DLAT  
  -180.0 180.0   5.0                                        LON1 / LON2 / DLON  
    -1                                                      EXPONENT            
TEC/RMS values in 0.1 TECU; 9999, if no value available     COMMENT             
                                                            END OF HEADER       
[from data line 3861]
    10                                                      START OF TEC MAP    
  2015     1    24    18     0     0                        EPOCH OF CURRENT MAP
    87.5-180.0 180.0   5.0 450.0                            LAT/LON1/LON2/DLON/H
   97   97   98   98   99  100  101  102  103  104  105  107  108  110  111  113
  114  116  118  119  121  122  124  125  126  127  128  129  130  130  131  131
  131  131  131  131  130  130  129  129  128  127  126  125  123  122  121  119
  118  116  115  113  112  110  109  107  106  105  104  103  102  101  100   99
   98   98   98   97   97   97   97   97   97
    85.0-180.0 180.0   5.0 450.0                            LAT/LON1/LON2/DLON/H
   82   82   82   83   84   85   86   87   89   91   93   96   99  102  105  108
  111  115  118  121  124  127  129  131  133  134  136  137  138  138  139  139
  139  139  139  139  138  137  136  135  134  132  130  128  126  123  121  118
  115  113  110  107  104  102   99   97   95   93   91   89   88   86   85   84
   83   83   82   82   81   81   81   81   82
    82.5-180.0 180.0   5.0 450.0                            LAT/LON1/LON2/DLON/H
   73   73   73   74   74   75   75   76   78   80   83   86   90   94   99  104
  109  114  118  122  126  129  132  134  135  136  136  136  136  136  136  135
  135  135  135  135  134  134  133  132  131  129  128  125  123  120  117  113
  110  106  102   99   95   92   89   86   83   81   79   77   75   74   73   72
   72   71   71   71   71   71   72   72   73
    80.0-180.0 180.0   5.0 450.0                            LAT/LON1/LON2/DLON/H
   71   71   72   72   72   71   71   71   72   73   75   79   84   89   95  102
  109  115  121  125  129  132  133  133  132  130  128  126  124  122  120  119
  119  119  119  120  120  121  121  121  120  120  118  117  115  112  109  105
  102   98   94   90   87   83   80   77   74   72   70   68   67   66   65   64
   64   64   65   66   67   68   69   70   71
    77.5-180.0 180.0   5.0 450.0                            LAT/LON1/LON2/DLON/H
   74   75   76   76   75   74   73   72   71   72   74   77   82   89   97  105
  113  121  127  132  135  135  134  130  125  119  113  108  103  100   97   96
   96   96   97   99  100  102  103  104  105  105  105  104  103  101   98   96
   92   89   86   83   80   77   75   72   70   69   67   65   64   63   62   61
   61   62   63   65   67   69   71   73   74
    75.0-180.0 180.0   5.0 450.0                            LAT/LON1/LON2/DLON/H
   79   81   82   82   81   80   79   77   77   77   78   82   87   94  103  113
  122  131  137  141  142  140  134  126  116  107   98   90   83   78   75   73
   73   74   76   78   80   82   84   86   88   89   89   89   89   88   87   85
   83   81   79   77   76   74   73   72   71   70   68   67   65   64   62   62
   61   62   63   65   68   71   74   77   79
    72.5-180.0 180.0   5.0 450.0                            LAT/LON1/LON2/DLON/H
   81   83   85   87   87   87   86   85   85   86   88   92   97  105  114  124
  134  143  149  153  152  147  137  125  111   98   86   77   70   65   61   60
   59   60   61   63   65   66   68   70   72   73   74   75   75   75   75   75
   74   74   73   73   73   73   74   74   74   73   72   71   69   67   65   63
   63   63   64   66   68   71   75   78   81
    70.0-180.0 180.0   5.0 450.0                            LAT/LON1/LON2/DLON/H
   78   80   83   86   88   90   92   93   95   97  100  105  111  118  127  138
  148  157  164  168  166  158  145  129  112   97   84   75   69   66   64   62
   60   58   56   56   56   56   57   58   59   60   61   62   63   63   64   65
   66   67   68   69   71   73   74   76   77   77   76   75   73   70   67   65
   64   64   64   66   67   70   72   75   78
    67.5-180.0 180.0   5.0 450.0                            LAT/LON1/LON2/DLON/H
   71   73   76   79   83   88   93   98  104  109  114  119  125  133  141  152
  163  173  182  186  184  175  160  142  124  107   95   87   84   83   82   79
   74   68   62   57   53   51   50   49   50   51   51   52   53   54   55   56
   58   60   62   65   68   70   73   75   77   78   78   77   74   71   68   66
   64   63   63   64   65   66   68   69   71
    65.0-180.0 180.0   5.0 450.0                            LAT/LON1/LON2/DLON/H
   62   63   66   70   75   83   91  101  111  121  128  134  140  146  155  166
  178  191  202  208  207  198  184  166  148  132  120  114  112  112  111  106
   97   86   74   63   55   49   46   44   44   44   45   46   46   47   48   49
   51   54   57   60   63   66   69   71   73   75   75   74   72   69   66   64
   63   62   62   63   63   63   62   62   62
    62.5-180.0 180.0   5.0 450.0                            LAT/LON1/LON2/DLON/H
   56   55   57   61   67   77   89  104  119  132  142  149  153  159  168  180
  194  210  223  232  233  225  212  196  179  164  153  148  147  147  144  137
  123  106   88   72   59   50   45   42   41   41   42   42   43   43   44   45
   47   50   53   55   58   60   63   65   68   70   71   70   68   66   63   61
   60   61   61   62   62   61   59   57   56
    60.0-180.0 180.0   5.0 450.0                            LAT/LON1/LON2/DLON/H
   54   52   53   56   63   75   90  109  128  144  156  162  166  171  180  193
  210  228  244  255  257  251  240  225  211  198  188  183  181  180  175  164
  146  123  100   80   64   53   47   43   42   42   42   43   43   44   44   44
   46   48   50   52   54   56   58   60   63   65   66   66   65   62   60   59
   59   60   61   62   62   61   59   56   54
    57.5-180.0 180.0   5.0 450.0                            LAT/LON1/LON2/DLON/H
   57   55   56   60   67   79   96  118  139  157  169  174  176  181  191  205
  224  243  260  272  275  270  261  249  237  227  219  213  210  206  198  183
  161  135  109   86   69   58   51   47   45   45   47   47   48   47   47   47
   47   49   50   52   53   55   56   58   61   63   64   65   63   62   60   59
   60   61   63   64   64   64   62   60   57
    55.0-180.0 180.0   5.0 450.0                            LAT/LON1/LON2/DLON/H
   64   63   65   71   79   92  109  130  152  170  181  184  186  190  201  216
  235  254  270  281  283  278  270  261  253  245  239  234  230  223  212  195
  170  142  114   92   75   65   58   55   53   53   54   55   55   54   53   52
   52   53   54   55   56   58   60   62   64   66   67   67   66   65   64   63
   64   65   66   67   67   68   67   66   64
    52.5-180.0 180.0   5.0 450.0                            LAT/LON1/LON2/DLON/H
   72   73   77   86   96  110  127  146  166  183  191  194  195  200  210  226
  243  260  274  281  281  275  267  261  256  253  249  245  241  233  219  199
  173  145  118   97   83   75   70   66   63   63   64   65   64   63   61   59
   59   59   60   61   63   66   68   70   72   74   75   74   73   72   71   71
   71   71   70   70   70   71   72   72   72
    50.0-180.0 180.0   5.0 450.0                            LAT/LON1/LON2/DLON/H
   78   81   89  101  114  129  145  162  179  194  201  203  204  209  220  234
  250  263  273  277  273  264  256  253  252  253  252  250  246  237  221  199
  173  145  121  104   93   87   83   79   76   75   76   76   76   73   70   68
   67   68   69   70   73   76   79   82   83   84   84   83   82   81   80   80
   79   77   74   72   72   73   75   76   78
    47.5-180.0 180.0   5.0 450.0                            LAT/LON1/LON2/DLON/H
   79   85   96  111  128  145  160  175  190  202  210  212  214  219  229  242
  255  266  272  271  263  253  244  243  245  249  252  252  247  236  219  195
  169  144  124  110  103  100   97   94   91   89   90   90   88   84   80   77
   76   76   78   80   83   87   91   93   94   94   93   92   90   89   88   88
   86   82   77   73   72   73   75   77   79
    45.0-180.0 180.0   5.0 450.0                            LAT/LON1/LON2/DLON/H
   77   84   96  114  135  154  171  185  198  209  217  221  223  229  238  250
  261  270  273  270  259  245  237  236  241  248  252  252  247  235  215  190
  165  143  126  116  112  112  111  109  106  105  104  103  100   95   90   86
   84   84   86   88   92   97  100  102  102  101   99   97   95   94   93   93
   90   85   79   73   71   72   74   75   77
    42.5-180.0 180.0   5.0 450.0                            LAT/LON1/LON2/DLON/H
   73   79   92  111  133  156  174  189  201  213  222  228  233  239  247  258
  268  276  279  274  261  247  238  238  243  250  255  255  248  235  214  188
  164  144  129  121  119  121  122  121  120  120  120  117  112  105   98   93
   90   89   91   94   98  103  106  106  105  103  101   99   96   94   93   92
   90   85   78   72   70   70   71   71   73
    40.0-180.0 180.0   5.0 450.0                            LAT/LON1/LON2/DLON/H
   69   74   86  105  128  152  173  189  201  213  224  233  240  248  256  266
  275  284  288  283  270  256  247  246  251  257  260  259  252  238  217  192
  169  150  136  127  125  127  130  132  134  135  134  130  123  114  105   97
   92   91   93   97  101  105  107  107  105  102  100   98   95   92   90   88
   86   81   75   70   67   67   68   68   69
    37.5-180.0 180.0   5.0 450.0                            LAT/LON1/LON2/DLON/H
   66   71   82   99  123  148  170  186  199  212  225  237  246  255  263  272
  282  291  296  293  282  268  260  258  261  265  267  266  259  247  228  206
  185  166  148  135  130  132  137  142  147  150  148  142  132  121  109   99
   92   90   92   97  102  106  107  105  103  100   98   96   92   88   85   83
   80   76   72   68   66   65   66   66   66
    35.0-180.0 180.0   5.0 450.0                            LAT/LON1/LON2/DLON/H
   67   73   83   99  121  146  168  184  197  210  225  239  251  261  269  277
  286  296  302  301  292  280  272  270  271  274  276  275  272  263  250  233
  214  193  169  148  138  138  145  153  161  164  160  151  139  126  112   99
   90   88   90   95  100  104  105  103  101   99   98   96   92   87   82   78
   75   73   70   67   65   65   65   66   67
    32.5-180.0 180.0   5.0 450.0                            LAT/LON1/LON2/DLON/H
   71   78   89  104  125  148  168  184  197  211  227  242  255  266  274  281
  288  297  303  304  298  288  281  278  278  281  284  287  289  288  282  271
  255  232  201  170  152  149  156  167  177  179  172  158  143  129  114   99
   89   86   89   94   98  102  103  103  101  100  100   99   96   91   84   78
   74   72   70   68   66   66   66   68   71
    30.0-180.0 180.0   5.0 450.0                            LAT/LON1/LON2/DLON/H
   78   86   99  115  134  154  172  187  201  217  234  250  263  272  279  283
  288  295  300  302  298  291  285  282  284  288  295  304  313  320  323  320
  308  283  243  202  175  167  173  183  193  193  182  163  146  131  116  100
   90   87   89   92   97  100  103  104  105  105  105  105  104   99   91   84
   78   76   74   72   70   69   69   72   78
    27.5-180.0 180.0   5.0 450.0                            LAT/LON1/LON2/DLON/H
   84   96  111  127  146  164  180  195  212  231  249  263  274  280  284  286
  288  292  295  297  295  292  289  288  292  300  313  328  344  360  373  379
  372  345  298  246  207  192  193  201  208  205  189  167  148  133  117  103
   93   91   92   94   97  101  105  109  112  113  114  115  115  111  102   93
   86   83   82   80   77   75   75   78   84
    25.0-180.0 180.0   5.0 450.0                            LAT/LON1/LON2/DLON/H
   91  104  122  141  159  176  191  207  228  251  270  284  290  291  290  289
  289  289  290  291  292  292  294  299  308  323  341  362  385  409  431  446
  443  415  362  298  247  221  215  218  220  213  194  170  150  134  120  107
  101   99   99   99  101  106  112  118  122  124  126  127  128  125  115  104
   96   93   91   88   85   82   81   83   91
    22.5-180.0 180.0   5.0 450.0                            LAT/LON1/LON2/DLON/H
   96  111  131  152  172  188  204  224  249  275  296  308  311  305  299  294
  292  289  288  287  289  295  306  320  338  360  385  411  438  466  496  518
  518  488  428  354  289  251  236  231  226  215  194  170  151  136  123  114
  111  111  110  109  111  117  124  132  137  139  140  141  142  138  128  116
  107  102   99   97   93   89   87   89   96
    20.0-180.0 180.0   5.0 450.0                            LAT/LON1/LON2/DLON/H
  100  116  138  162  183  201  220  244  273  302  324  335  333  322  310  303
  299  295  291  288  290  303  326  354  383  414  444  473  500  527  559  585
  586  553  488  406  329  280  253  237  225  211  191  170  153  140  129  124
  124  126  126  125  129  136  144  151  155  156  156  156  155  149  139  127
  116  110  106  103  100   95   93   93  100
    17.5-180.0 180.0   5.0 450.0                            LAT/LON1/LON2/DLON/H
  103  120  144  170  194  215  239  267  298  327  350  362  357  341  326  316
  311  306  300  295  298  319  355  397  439  477  509  536  560  584  613  639
  639  602  534  446  363  303  266  240  221  204  187  170  156  145  138  137
  142  146  147  147  152  160  168  173  175  174  173  170  166  160  149  137
  124  115  110  107  104   99   96   96  103
    15.0-180.0 180.0   5.0 450.0                            LAT/LON1/LON2/DLON/H
  105  123  150  178  204  230  260  292  322  349  372  385  381  364  347  336
  330  325  319  313  316  343  391  445  495  537  569  592  610  627  650  671
  666  625  556  471  387  322  277  243  218  201  186  172  160  153  151  155
  161  167  168  170  176  185  192  193  192  190  187  183  177  170  159  146
  132  119  112  109  105  101   97   98  105
    12.5-180.0 180.0   5.0 450.0                            LAT/LON1/LON2/DLON/H
  107  127  155  185  215  246  281  316  344  367  390  406  406  392  376  364
  357  354  349  344  349  379  433  493  545  585  612  628  639  648  662  674
  664  623  559  482  404  339  289  251  222  203  191  179  168  162  165  174
  182  186  188  191  197  205  210  208  203  200  197  194  188  180  170  157
  139  123  114  109  106  101   97   98  107
    10.0-180.0 180.0   5.0 450.0                            LAT/LON1/LON2/DLON/H
  110  130  160  193  226  262  302  338  363  383  405  424  430  422  410  399
  393  392  393  391  398  429  480  534  579  610  628  636  641  645  651  656
  642  604  549  484  417  356  306  265  235  217  205  192  179  173  180  192
  200  202  203  204  209  215  217  212  205  202  201  201  198  192  183  168
  147  127  116  110  106  101   98  100  110
     7.5-180.0 180.0   5.0 450.0                            LAT/LON1/LON2/DLON/H
  113  135  166  201  238  278  321  357  379  395  417  439  452  452  445  437
  433  438  445  451  462  488  528  567  596  613  620  622  625  627  629  627
  613  581  537  485  429  375  328  289  258  238  223  207  191  185  193  207
  214  212  209  207  209  213  213  207  199  197  200  205  208  206  198  181
  156  133  119  113  108  103  100  102  113
     5.0-180.0 180.0   5.0 450.0                            LAT/LON1/LON2/DLON/H
  119  141  172  209  249  293  337  372  392  406  427  452  471  479  478  474
  474  484  499  514  529  549  573  592  602  603  600  598  601  605  606  603
  591  567  534  492  444  396  354  316  285  262  244  224  204  196  205  218
  221  216  208  203  202  204  204  197  190  189  196  207  217  220  212  194
  166  139  124  118  113  108  105  108  119
     2.5-180.0 180.0   5.0 450.0                            LAT/LON1/LON2/DLON/H
  127  149  180  218  260  305  349  383  402  416  436  461  483  498  505  505
  510  525  547  570  589  601  609  609  601  589  580  577  583  590  594  593
  587  572  545  506  459  416  378  342  310  285  263  239  216  206  213  224
  224  215  205  197  195  196  195  188  181  183  193  210  226  232  225  204
  174  146  130  124  120  116  114  116  127
