jplg0240.dat
     1.0            IONOSPHERE MAPS     GPS                 IONEX VERSION / TYPE
GIM V3.0            JPL - GNISD         27-jan-2015 01:39   PGM / RUN BY / DATE 
JPL'S GLOBAL IONOSPHERE MAPS YEAR 2015 DAY 024              COMMENT             
Global Ionospheric Maps (GIM) are generated on an hourly    DESCRIPTION         
and daily basis at JPL using data from up to 100 GPS sites  DESCRIPTION         
of the IGS and others institutions.                         DESCRIPTION         
The vertical TEC is modeled in a solar-geomagnetic          DESCRIPTION         
reference frame using bi-cubic splines on a spherical grid. DESCRIPTION         
A Kalman filter is used to solve simultaneously for         DESCRIPTION         
instrumental biases and VTEC on the grid (as stochastic     DESCRIPTION         
parameters).                                                DESCRIPTION         
Contact Address:  gpsiono@cobra.jpl.nasa.gov .              DESCRIPTION         
  2015     1    24     0     0     0                        EPOCH OF FIRST MAP  
  2015     1    25     0     0     0                        EPOCH OF LAST MAP   
  7200                                                      INTERVAL            
    13                                                      # OF MAPS IN FILE   
  NONE                                                      MAPPING FUNCTION    
    10.0                                                    ELEVATION CUTOFF    
One-way carrier phase leveled to code                       OBSERVABLES USED    
   170                                                      # OF STATIONS       
    31                                                      # OF SATELLITES     
  6371.0                                                    BASE RADIUS         
     2                                                      MAP DIMENSION       
   450.0 450.0   0.0                                        HGT1 / HGT2 / DHGT  
    87.5 -87.5  -2.5                                        LAT1 / LAT2 / DLAT  
  -180.0 180.0   5.0                                        LON1 / LON2 / DLON  
    -1                                                      EXPONENT            
TEC/RMS values in 0.1 TECU; 9999, if no value available     COMMENT             
                                                            END OF HEADER       
[from data line 3432]
     9                                                      START OF TEC MAP    
  2015     1    24    16     0     0                        EPOCH OF CURRENT MAP
    87.5-180.0 180.0   5.0 450.0                            LAT/LON1/LON2/DLON/H
  102  103  103  104  104  105  106  106  107  108  109  109  110  111  112  113
  114  114  115  116  116  117  117  117  118  118  118  118  118  118  117  117
  117  116  116  115  115  114  114  113  112  112  111  110  109  109  108  107
  107  106  105  104  104  103  103  102  102  101  101  101  101  100  100  100
  100  100  101  101  101  101  102  102  102
    85.0-180.0 180.0   5.0 450.0                            LAT/LON1/LON2/DLON/H
   91   92   92   93   93   94   95   96   97   99  100  102  104  106  108  110
  112  114  116  118  119  120  121  122  122  122  122  121  120  119  118  117
  116  115  114  113  112  111  110  109  108  108  107  106  105  104  102  101
  100   99   97   96   95   94   93   92   91   90   90   89   89   89   89   89
   89   89   90   90   90   90   91   91   91
    82.5-180.0 180.0   5.0 450.0                            LAT/LON1/LON2/DLON/H
   80   80   80   80   80   80   81   82   83   85   87   90   93   96  100  104
  108  112  116  119  122  124  125  125  125  124  122  120  117  115  112  109
  107  105  103  102  101  100   99   99   99   99   98   98   97   96   95   94
   92   91   89   87   86   84   82   81   80   79   78   78   78   78   78   78
   79   79   79   80   80   80   80   80   80
    80.0-180.0 180.0   5.0 450.0                            LAT/LON1/LON2/DLON/H
   70   70   69   69   68   68   68   69   70   72   74   78   82   87   92   98
  104  110  116  121  125  128  129  129  127  124  120  115  110  105  100   96
   92   89   86   85   84   83   84   84   85   86   87   87   88   88   87   86
   85   83   81   79   77   75   74   72   71   70   69   69   69   69   70   70
   71   71   71   72   72   71   71   71   70
    77.5-180.0 180.0   5.0 450.0                            LAT/LON1/LON2/DLON/H
   63   62   62   61   61   61   62   63   64   65   67   70   74   80   87   94
  102  111  119  126  132  135  137  135  131  126  119  112  104   96   89   83
   77   73   70   68   67   67   67   68   70   72   74   75   77   78   79   79
   78   77   75   73   71   70   68   67   65   65   64   64   64   64   65   65
   65   65   65   65   65   65   64   63   63
    75.0-180.0 180.0   5.0 450.0                            LAT/LON1/LON2/DLON/H
   58   58   58   59   60   61   62   63   64   65   66   68   71   76   83   92
  103  114  125  134  142  146  147  145  139  131  122  112  102   92   83   75
   69   63   60   57   56   55   55   56   57   59   61   64   66   68   70   71
   71   71   70   69   68   67   65   64   64   63   63   63   63   63   63   63
   62   62   62   61   60   59   58   58   58
    72.5-180.0 180.0   5.0 450.0                            LAT/LON1/LON2/DLON/H
   54   55   57   60   62   65   68   69   70   70   70   70   71   75   82   93
  105  119  133  145  154  160  161  157  150  141  130  119  108   97   87   78
   71   64   59   55   52   50   49   48   49   50   52   54   56   59   61   63
   64   65   65   65   65   65   64   64   64   64   64   64   64   63   63   62
   61   60   59   57   56   55   54   54   54
    70.0-180.0 180.0   5.0 450.0                            LAT/LON1/LON2/DLON/H
   51   53   56   61   66   70   74   76   77   76   74   73   73   77   84   95
  109  126  142  157  168  175  176  172  165  155  144  133  123  113  104   95
   86   77   70   63   57   53   50   48   46   46   46   47   49   51   53   55
   58   59   61   61   62   63   63   64   65   65   65   65   65   64   63   62
   60   59   57   55   53   51   50   50   51
    67.5-180.0 180.0   5.0 450.0                            LAT/LON1/LON2/DLON/H
   48   51   56   61   67   73   78   81   82   80   78   76   76   79   87   99
  115  133  152  169  183  190  192  189  182  173  164  155  147  140  132  122
  112  101   89   79   70   63   57   52   49   46   44   44   44   45   47   49
   51   54   56   57   59   60   61   63   64   65   65   66   65   64   63   61
   60   58   55   53   51   49   48   47   48
    65.0-180.0 180.0   5.0 450.0                            LAT/LON1/LON2/DLON/H
   47   50   54   60   66   73   78   81   82   81   79   77   78   82   90  103
  120  140  161  181  197  206  209  207  202  196  189  183  177  172  165  156
  144  130  115  100   88   77   69   62   56   51   47   44   42   42   42   44
   46   48   50   52   54   56   57   59   61   62   63   64   63   63   62   60
   59   57   55   53   50   48   47   46   47
    62.5-180.0 180.0   5.0 450.0                            LAT/LON1/LON2/DLON/H
   48   50   54   59   64   70   74   77   79   79   78   77   79   84   94  108
  126  148  171  192  209  220  224  225  223  219  216  212  209  206  200  190
  177  160  142  124  108   95   84   74   66   59   53   48   44   41   41   41
   42   44   46   48   49   51   53   55   57   58   60   61   61   60   60   59
   58   57   55   54   52   50   49   48   48
    60.0-180.0 180.0   5.0 450.0                            LAT/LON1/LON2/DLON/H
   53   53   55   58   62   66   69   72   74   74   75   76   80   88   99  114
  133  156  180  202  220  232  238  241  241  241  240  240  239  237  231  221
  206  187  166  146  128  113  101   90   80   71   63   55   49   45   42   41
   41   42   43   44   45   47   49   51   53   56   58   59   59   59   59   58
   58   58   58   57   56   55   54   53   53
    57.5-180.0 180.0   5.0 450.0                            LAT/LON1/LON2/DLON/H
   59   59   60   61   62   64   66   68   70   71   73   77   83   94  107  123
  142  165  188  210  228  240  248  253  256  258  260  262  263  261  256  245
  228  209  187  167  148  132  119  107   96   86   75   66   58   51   46   43
   42   42   43   43   44   46   48   50   53   56   58   59   60   60   60   60
   61   61   62   62   62   61   61   60   59
    55.0-180.0 180.0   5.0 450.0                            LAT/LON1/LON2/DLON/H
   67   67   66   66   65   66   66   68   69   71   74   80   89  102  117  134
  153  175  196  216  233  245  254  260  265  269  273  276  278  278  272  261
  245  225  205  185  167  151  137  125  113  102   90   79   68   59   53   48
   46   46   46   46   47   49   51   54   57   60   62   64   65   65   65   65
   66   66   67   68   68   68   68   68   67
    52.5-180.0 180.0   5.0 450.0                            LAT/LON1/LON2/DLON/H
   75   74   73   71   71   71   71   73   74   76   80   86   97  112  128  146
  165  185  203  220  235  246  255  262  269  274  279  283  286  286  281  270
  255  237  219  200  184  168  155  143  131  119  106   93   80   69   61   56
   53   53   53   54   55   56   59   62   65   68   70   72   73   74   74   73
   73   73   73   74   74   75   75   75   75
    50.0-180.0 180.0   5.0 450.0                            LAT/LON1/LON2/DLON/H
   80   79   77   77   76   77   79   82   84   87   90   97  108  123  140  158
  176  194  210  223  235  245  255  263  270  276  281  285  287  287  283  273
  260  245  229  214  199  185  172  160  148  135  121  107   93   80   70   64
   62   62   63   64   65   66   69   72   75   77   80   82   83   83   83   82
   81   80   79   79   79   79   80   80   80
    47.5-180.0 180.0   5.0 450.0                            LAT/LON1/LON2/DLON/H
   81   80   79   79   81   84   87   92   96   99  104  110  120  135  151  169
  187  202  215  227  237  247  256  265  272  277  280  282  282  281  277  269
  259  249  238  226  213  199  187  175  164  151  137  121  105   91   80   74
   72   73   74   75   76   77   79   81   84   86   88   90   91   92   91   90
   88   86   84   83   82   82   82   82   81
    45.0-180.0 180.0   5.0 450.0                            LAT/LON1/LON2/DLON/H
   79   77   77   79   82   87   93  100  106  112  118  124  133  146  162  179
  195  210  222  232  242  253  263  271  277  279  279  276  273  269  265  261
  256  250  244  236  224  211  198  187  177  165  150  134  117  102   90   83
   81   82   83   84   85   86   87   89   90   92   93   94   96   96   95   94
   91   89   86   84   82   82   81   80   79
    42.5-180.0 180.0   5.0 450.0                            LAT/LON1/LON2/DLON/H
   75   72   72   75   80   87   94  103  113  123  131  138  146  157  171  187
  203  217  229  241  253  265  276  283  287  285  279  271  262  256  253  253
  253  253  252  246  235  220  206  195  186  176  162  146  128  112   99   91
   89   89   89   90   90   91   92   92   93   93   93   94   95   96   95   93
   90   87   85   82   81   80   79   77   75
    40.0-180.0 180.0   5.0 450.0                            LAT/LON1/LON2/DLON/H
   70   67   67   71   77   83   89   99  113  128  141  150  158  168  180  194
  209  223  236  251  267  282  293  300  300  293  282  269  256  247  246  250
  256  261  262  258  245  228  211  200  193  185  172  156  138  121  108   98
   93   91   91   92   93   93   93   93   92   91   91   91   92   92   90   88
   85   83   81   78   77   76   75   73   70
    37.5-180.0 180.0   5.0 450.0                            LAT/LON1/LON2/DLON/H
   67   64   64   67   73   77   82   92  109  129  147  161  171  179  190  202
  215  228  242  261  281  299  311  315  312  303  288  272  257  249  251  259
  269  277  279  273  258  237  218  205  199  193  181  164  147  130  115  104
   97   92   91   91   93   94   94   93   91   89   88   88   88   88   85   83
   80   78   76   74   73   72   72   70   67
    35.0-180.0 180.0   5.0 450.0                            LAT/LON1/LON2/DLON/H
   66   63   63   66   70   72   75   84  103  128  151  170  183  193  201  210
  219  231  247  268  292  312  324  326  321  311  297  283  271  267  273  285
  297  304  303  294  275  251  228  213  206  199  187  171  154  138  124  112
  102   95   91   92   95   96   96   94   91   88   87   87   87   86   84   81
   78   76   74   71   70   69   69   68   66
    32.5-180.0 180.0   5.0 450.0                            LAT/LON1/LON2/DLON/H
   67   66   66   68   70   69   70   78   98  126  155  179  196  206  213  218
  223  232  249  272  298  319  329  329  323  316  309  302  299  302  313  327
  339  342  337  322  299  272  246  227  216  207  193  177  161  147  134  122
  111  101   95   96   99  101  101   98   95   92   90   90   91   91   88   85
   82   79   76   73   71   69   68   68   67
    30.0-180.0 180.0   5.0 450.0                            LAT/LON1/LON2/DLON/H
   70   71   71   72   73   71   69   76   95  125  158  187  207  219  225  226
  227  232  248  271  297  317  325  322  318  319  323  330  339  352  369  385
  394  392  380  359  333  304  274  249  232  217  201  184  170  158  147  136
  125  113  106  105  108  110  110  107  103   99   98   99  101  102  100   97
   93   89   86   81   76   72   70   70   70
    27.5-180.0 180.0   5.0 450.0                            LAT/LON1/LON2/DLON/H
   75   76   77   78   78   75   73   78   95  126  161  194  217  230  237  236
  232  235  248  270  293  311  316  312  311  323  342  364  388  413  437  455
  461  453  432  404  375  344  310  278  253  232  212  194  182  173  165  156
  145  133  124  121  122  124  123  120  115  112  110  113  116  117  117  114
  109  105  101   96   88   80   74   73   75
    25.0-180.0 180.0   5.0 450.0                            LAT/LON1/LON2/DLON/H
   79   81   83   84   83   81   79   82   98  128  165  198  223  239  247  247
  241  241  251  269  288  302  305  302  308  331  366  405  444  482  515  535
  537  521  492  455  421  387  350  311  279  252  229  210  198  191  186  180
  171  158  147  142  141  142  140  136  131  127  127  131  135  137  136  133
  128  123  119  112  102   90   81   78   79
    22.5-180.0 180.0   5.0 450.0                            LAT/LON1/LON2/DLON/H
   83   86   88   89   89   88   86   88  103  132  169  201  226  244  257  260
  256  254  260  272  286  296  299  300  314  349  398  451  505  556  597  619
  617  591  551  506  466  429  388  345  308  278  252  231  218  213  210  206
  199  187  174  166  165  164  160  154  149  147  148  152  156  157  155  151
  145  140  135  127  115  100   88   83   83
    20.0-180.0 180.0   5.0 450.0                            LAT/LON1/LON2/DLON/H
   87   89   91   93   94   93   92   95  110  138  174  204  228  249  267  276
  275  273  275  280  287  294  299  308  333  378  438  502  566  626  675  697
  688  654  603  549  503  463  420  376  338  308  282  258  242  236  234  232
  227  216  202  194  192  190  184  175  169  169  172  176  179  177  172  165
  158  152  146  138  125  108   95   88   87
    17.5-180.0 180.0   5.0 450.0                            LAT/LON1/LON2/DLON/H
   90   91   94   96   98   98   97  102  118  147  180  208  232  256  279  293
  297  295  293  292  293  297  306  326  362  416  481  551  620  685  736  758
  742  699  640  579  528  485  443  402  367  340  314  287  268  260  256  255
  253  244  231  222  221  219  210  198  190  191  196  201  201  196  186  176
  167  158  150  141  129  113  100   92   90
    15.0-180.0 180.0   5.0 450.0                            LAT/LON1/LON2/DLON/H
   91   92   95   97   99  100  101  109  128  157  188  215  239  265  291  309
  317  317  313  307  304  306  321  351  398  457  523  591  659  723  772  789
  767  717  655  592  540  497  459  424  396  373  346  317  295  282  276  274
  274  268  256  249  249  248  237  220  211  212  217  221  220  211  197  184
  173  161  149  139  128  115  103   94   91
    12.5-180.0 180.0   5.0 450.0                            LAT/LON1/LON2/DLON/H
   92   93   95   97   98  100  104  116  139  169  198  224  251  279  304  323
  333  336  332  324  318  321  341  382  437  496  558  618  676  731  772  782
  756  707  649  592  543  504  472  445  424  404  378  347  321  303  292  289
  290  286  277  271  274  275  262  242  229  229  233  236  233  222  206  191
  179  164  148  135  126  116  105   95   92
    10.0-180.0 180.0   5.0 450.0                            LAT/LON1/LON2/DLON/H
   93   93   94   94   95   99  106  123  150  180  209  236  266  294  317  332
  343  349  347  341  337  343  368  416  474  530  582  627  668  708  739  744
  720  679  632  586  544  511  486  468  453  433  405  374  345  322  304  298
  299  297  290  288  294  297  283  261  245  240  241  242  239  228  213  199
  186  169  149  134  126  119  108   98   93
     7.5-180.0 180.0   5.0 450.0                            LAT/LON1/LON2/DLON/H
   95   94   93   90   90   95  107  129  160  191  220  249  282  311  328  338
  347  357  360  358  359  369  400  451  508  557  595  621  643  667  688  692
  675  646  613  581  549  522  504  494  481  459  428  395  365  336  312  301
  301  299  294  295  305  312  301  278  258  247  243  241  238  229  219  209
  198  180  157  139  131  125  114  102   95
     5.0-180.0 180.0   5.0 450.0                            LAT/LON1/LON2/DLON/H
  101   97   93   87   85   92  108  134  167  201  231  263  298  326  337  342
  351  363  371  376  383  400  433  484  536  576  599  608  611  621  636  642
  635  621  605  585  562  539  526  518  505  478  443  409  377  344  315  299
  294  292  290  296  311  322  315  293  270  254  243  239  235  231  225  220
  213  195  171  152  144  137  123  109  101
     2.5-180.0 180.0   5.0 450.0                            LAT/LON1/LON2/DLON/H
  109  104   96   86   83   91  109  138  174  209  241  275  311  338  346  347
  355  369  383  395  410  432  467  513  558  587  599  593  583  585  598  610
  615  616  612  600  580  557  544  537  522  489  449  413  380  346  314  293
  284  281  282  292  312  329  326  308  284  264  248  240  237  234  233  232
  228  212  188  169  160  152  137  120  109
