upcg0240.dat
     1.0            IONOSPHERE MAPS     GPS                 IONEX VERSION / TYPE
map2ionex           UPC-IonSAT          25 January 2015 23:1PGM / RUN BY / DATE 
Raw map                                                     COMMENT             
Global ionosphere raw maps for day 024, 2015                DESCRIPTION         
Modeled independently for each station with a 3D voxel      DESCRIPTION         
model: 72x9x2 cells in local time, latitude and height      DESCRIPTION         
The height boundaries are: 59-739-1419 km                   DESCRIPTION         
The estimates have NOT been interpolated                    DESCRIPTION         
See for instance: Hernandez-Pajares, Juan, Sanz and Sole,   DESCRIPTION         
JGR, Vol.103, N.A9, 20789-20796, 1998                       DESCRIPTION         
Contact e-mail: manuel@ma4.upc.edu  Plots at:               DESCRIPTION         
ftp://g1.upc.es/upc_ionex/                                  DESCRIPTION         
                                                            DESCRIPTION
P1-P2 DCBs(UPC3-BRDC)  24 2015: Bias=  0.065 RMS= 0.208 [ns]DESCRIPTION
                                                            DESCRIPTION
  2015     1    24     0     0     0                        EPOCH OF FIRST MAP  
  2015     1    24    23    59    24                        EPOCH OF LAST MAP   
  7200                                                      INTERVAL            
    13                                                      # OF MAPS IN FILE   
  NONE                                                      MAPPING FUNCTION    
     0.0                                                    ELEVATION CUTOFF    
Phase differences (L1-L2)                                   OBSERVABLES USED    
   279                                                      # OF STATIONS       
    31                                                      # OF SATELLITES     
  6371.0                                                    BASE RADIUS         
     2                                                      MAP DIMENSION       
   450.0 450.0   0.0                                        HGT1 / HGT2 / DHGT  
    87.5 -87.5  -2.5                                        LAT1 / LAT2 / DLAT  
  -180.0 180.0   5.0                                        LON1 / LON2 / DLON  
    -1                                                      EXPONENT            
TEC values in 0.1 tec units;  9999, if no value available   COMMENT             
DIFFERENTIAL CODE BIASES: DCBs vanish                       COMMENT             
in our approach, so we can compute them                     COMMENT             
as post-fit residuals                                       COMMENT             
IGS GPS stations used in the computations:                  COMMENT             
7odm ab01 ab06 ab08 ab11 ab12 ab13 ab15 ab27 ab33 ab35 ab37 COMMENT             
ab41 ab44 ab45 ab49 abmf abpo ac03 ac12 ac65 acor acso acu5 COMMENT             
adis adks ahid aira ajac alac albh alg3 alic allg alrt alth COMMENT             
amc2 areq arli artu aruc auck badg baie bake bako bara barh COMMENT             
basc bcyi bell benn bilb bjco bjfs bjnm bla1 bluf bnoa bogi COMMENT             
bogt braz brft brmu brst brux bshm bsmk btng bucu budp bums COMMENT             
[...]
cn35 cn37 cn38 cnmr coco cola con2 conz cord cot1 crao cusv COMMENT             
daej darw dav1 dear dond drao dres dyng ecsd eur2 falk fie0 COMMENT             
flin flrs ftna func ganp gdma gisb glps gls1 gls2 glsv gmma COMMENT             
harb hces hdil helg her2 hil1 hlfx hnlc hnus hob2 hofn holm COMMENT             
howe hrst hueg hyde ifr1 iisc ilsg ineg inmn invk irkj ista COMMENT             
joen kely kerg kgni khar khlr kir0 kouc koug ksu1 kuuj kvtx COMMENT             
lamp lamt laut lbib lhaz lkwy lovj lpal lpgs mac1 mag0 majb COMMENT             
mal2 mall mar6 marg mas1 mat1 maw1 mbar mchn mcil mcty mdvj COMMENT             
meri mgue mizu mobs moiu morp nain neia nium nklg not1 novm COMMENT             
nril ntus nya1 oax2 ohi2 onsa p001 p038 p050 palm park pece COMMENT             
pets picl pimo pirt pltk pngm pove qaq1 qiki rbay reso reun COMMENT             
reyk riga rio2 salu samo sask savo sch2 scor scrz sey1 smst COMMENT             
snfd ssia stas sthl stj2 stk2 syog tah1 tash tixg tong tow2 COMMENT             
trds tro1 tuc2 tuva twtf ufpr ulab uldi unbj unpm uthw vacs COMMENT             
vars vis0 vlns whit whng whtm will wind wuhn xmis yakt ycba COMMENT             
yell ykro yssk                                              COMMENT             
Estimated     Ap        Kp                                  DESCRIPTION
                  (each 3 hours)                            DESCRIPTION
2015 01 24     7  1 2 1 2 2 2 2 2                           DESCRIPTION
                                                            END OF HEADER       
[from data line 3432]
     9                                                      START OF TEC MAP    
  2015     1    24    15    59    60                        EPOCH OF CURRENT MAP
    87.5-180.0 180.0   5.0 450.0                            LAT/LON1/LON2/DLON/H
   84   84   84   84   84   85   85   85   85   85   88   88   89   89   90   91
   90   91   91   92   92   94   98   98   97   97   96   96   94   95   93   93
   92   92   92   92   92   92   91   91   88   88   87   87   85   84   84   83
   82   81   81   80   79   79   79   79   80   80   82   82   82   83   84   85
   85   85   86   86   85   84   83   83   84
    85.0-180.0 180.0   5.0 450.0                            LAT/LON1/LON2/DLON/H
   75   75   75   73   74   74   75   78   78   83   84   84   88   90   93   95
   94   96   95   94   94   98  109  110  107  103  103  102  104  108  108  108
  107  102  102   97   94   94   90   86   86   84   82   80   81   81   79   77
   76   75   74   73   75   77   79   80   80   79   79   79   79   82   83   83
   82   80   79   77   77   77   77   75   75
    82.5-180.0 180.0   5.0 450.0                            LAT/LON1/LON2/DLON/H
   67   68   70   70   71   72   72   71   72   72   72   73   79   79   88   94
  100  104  104  105  100   97  114  114  107  114  117  115  110  103  103   96
   96   90   90   89   88   89   90   88   87   85   83   80   79   79   80   80
   80   76   74   73   74   76   79   80   80   78   77   77   77   81   82   82
   80   77   74   73   72   69   67   68   67
    80.0-180.0 180.0   5.0 450.0                            LAT/LON1/LON2/DLON/H
   63   64   63   64   61   61   59   60   61   63   66   73   75   78   84   88
   89   94   96   96  100  108  112  127  122  120  123  123  123  118  116  114
  108  107  101   97   94   89   86   81   80   79   79   77   76   77   79   81
   81   81   79   76   74   75   77   79   78   75   72   73   73   76   77   77
   76   73   71   67   66   64   64   63   63
    77.5-180.0 180.0   5.0 450.0                            LAT/LON1/LON2/DLON/H
   57   56   56   55   55   55   55   56   58   57   59   62   65   70   73   83
   87   96   99  101  111  128  152  130  128  121  119  124  117  114  113  108
  104  100   98   98   92   89   84   79   76   73   71   72   71   71   70   73
   78   78   77   75   71   70   70   73   78   79   73   69   69   67   69   72
   73   72   70   66   64   62   60   57   57
    75.0-180.0 180.0   5.0 450.0                            LAT/LON1/LON2/DLON/H
   56   55   56   56   56   56   56   55   55   56   57   59   60   64   68   83
   88   91  106  115  122  129  150  143  131  124  130  118  115  111  106  102
  100   96   90   88   85   80   75   74   69   66   67   67   69   66   66   65
   69   69   67   66   66   66   67   70   75   78   73   68   68   65   66   71
   72   72   70   67   66   63   58   56   56
    72.5-180.0 180.0   5.0 450.0                            LAT/LON1/LON2/DLON/H
   60   59   59   60   58   58   57   56   57   59   57   57   59   63   66   73
   81   97  102  115  121  141  145  138  137  123  117  117  106   98   93   90
   87   84   80   78   75   70   68   65   63   61   60   60   61   61   60   60
   61   62   61   61   61   62   64   66   69   70   67   66   66   66   68   69
   69   71   70   70   69   65   61   60   60
    70.0-180.0 180.0   5.0 450.0                            LAT/LON1/LON2/DLON/H
   66   66   65   65   62   61   60   59   61   59   59   61   62   64   68   73
   83   89  103  120  131  155  148  139  142  129  121  118  105   98   92   86
   84   82   79   74   72   67   63   60   59   58   56   57   56   56   57   57
   58   59   60   62   62   62   61   63   65   66   64   66   66   68   68   67
   67   70   71   74   72   68   66   66   66
    67.5-180.0 180.0   5.0 450.0                            LAT/LON1/LON2/DLON/H
   69   70   70   69   68   67   65   65   65   63   62   64   67   69   72   78
   88   95  112  139  152  174  169  159  167  148  142  140  127  113  109  101
   97   94   93   84   79   75   69   65   62   58   55   55   56   56   55   56
   57   58   59   62   62   57   55   56   61   63   63   63   63   62   63   62
   65   69   72   71   72   68   66   67   69
    65.0-180.0 180.0   5.0 450.0                            LAT/LON1/LON2/DLON/H
   64   67   69   70   71   70   70   68   67   67   67   67   70   75   81   87
  100  111  127  152  170  192  201  195  192  186  182  179  170  148  145  127
  125  123  114  105   96   88   81   72   70   64   58   57   57   56   54   54
   54   54   55   56   56   51   47   48   54   56   57   56   56   54   54   56
   61   65   65   64   65   62   62   62   64
    62.5-180.0 180.0   5.0 450.0                            LAT/LON1/LON2/DLON/H
   59   63   64   66   68   67   66   65   65   66   66   67   74   82   90   99
  114  125  140  160  180  202  216  217  216  220  213  213  201  192  180  164
  161  151  136  132  120  109   94   86   79   71   65   60   58   56   55   53
   51   51   51   51   51   48   45   46   49   51   53   55   55   54   51   52
   57   58   55   56   57   56   56   56   59
    60.0-180.0 180.0   5.0 450.0                            LAT/LON1/LON2/DLON/H
   58   60   62   61   62   62   59   58   60   61   64   67   76   84   97  110
  123  137  153  173  189  204  214  221  227  234  233  232  223  218  203  194
  182  167  158  151  138  123  113  100   91   79   72   65   59   56   55   54
   53   53   55   53   52   51   51   51   51   53   56   58   58   59   57   56
   57   58   55   56   56   56   56   57   58
    57.5-180.0 180.0   5.0 450.0                            LAT/LON1/LON2/DLON/H
   61   62   63   62   60   59   56   55   55   57   59   66   76   85  103  116
  132  145  164  178  190  203  212  221  231  237  241  241  235  232  222  211
  201  183  172  159  146  136  129  115  103   89   79   72   63   60   59   58
   59   59   60   59   58   58   58   59   58   58   59   61   61   63   62   63
   64   64   62   60   60   59   59   59   61
    55.0-180.0 180.0   5.0 450.0                            LAT/LON1/LON2/DLON/H
   64   64   66   66   66   62   59   58   56   56   58   66   78   90  105  121
  135  153  168  180  191  204  213  222  230  240  244  248  243  243  233  225
  219  199  192  172  156  147  138  124  110  100   88   79   70   68   63   64
   63   63   63   63   63   64   64   65   65   63   63   63   63   65   66   70
   70   69   67   66   64   63   64   64   64
    52.5-180.0 180.0   5.0 450.0                            LAT/LON1/LON2/DLON/H
   67   68   69   72   72   68   65   62   62   62   64   72   83   95  113  129
  146  160  174  187  195  207  217  225  233  243  243  248  247  248  243  234
  228  215  206  186  167  158  147  137  120  109   97   87   80   76   72   70
   67   64   64   65   65   65   65   67   68   68   69   69   69   69   70   71
   72   70   68   68   67   67   67   68   67
    50.0-180.0 180.0   5.0 450.0                            LAT/LON1/LON2/DLON/H
   70   70   72   76   76   73   70   68   69   72   73   81   95  106  121  142
  154  168  178  194  203  213  223  229  235  244  243  245  244  248  245  239
  232  221  213  195  178  167  155  144  130  119  108   95   88   81   77   75
   69   66   66   67   65   65   67   68   69   72   74   75   75   73   71   71
   72   70   69   69   68   69   70   69   70
    47.5-180.0 180.0   5.0 450.0                            LAT/LON1/LON2/DLON/H
   70   71   75   80   79   75   73   71   74   80   85   93  106  118  137  151
  162  175  185  202  211  220  228  234  239  246  245  244  240  244  242  239
  235  227  219  204  189  179  167  153  141  130  116  104   95   90   82   79
   74   70   70   70   69   71   72   71   71   74   78   80   80   76   74   73
   73   72   71   70   69   69   70   70   70
    45.0-180.0 180.0   5.0 450.0                            LAT/LON1/LON2/DLON/H
   69   69   76   81   80   75   74   73   77   85   93  102  117  131  144  159
  173  183  199  211  221  227  237  241  247  252  252  248  243  241  238  238
  236  232  224  213  201  187  174  161  149  136  123  114  104   96   87   83
   80   76   74   75   75   77   77   75   73   75   79   81   81   77   74   73
   73   74   73   70   68   68   68   70   69
    42.5-180.0 180.0   5.0 450.0                            LAT/LON1/LON2/DLON/H
   67   66   72   78   79   75   74   75   79   88  102  113  124  138  150  167
  177  190  206  218  230  237  247  252  259  261  258  252  247  238  235  237
  237  236  229  220  207  192  178  164  155  144  131  120  112  103   93   90
   85   82   79   80   81   82   80   79   77   78   79   80   80   75   72   72
   73   74   72   70   68   67   67   67   67
    40.0-180.0 180.0   5.0 450.0                            LAT/LON1/LON2/DLON/H
   63   63   67   72   75   75   74   76   81   92  107  119  134  147  160  171
  181  198  212  224  238  246  257  264  272  270  262  253  247  239  238  238
  238  239  234  227  216  201  185  171  160  150  139  127  118  111  103   97
   91   87   85   83   82   80   78   78   79   79   78   79   79   76   73   73
   73   73   72   70   67   65   64   63   63
    37.5-180.0 180.0   5.0 450.0                            LAT/LON1/LON2/DLON/H
   58   60   61   64   68   71   73   75   81   97  114  129  144  157  164  176
  188  202  215  232  244  255  267  276  280  274  264  260  251  243  245  240
  242  242  240  234  225  211  195  183  172  158  145  131  125  117  110  102
   96   90   88   86   82   77   76   76   77   76   76   77   77   77   75   74
   74   74   73   70   67   63   60   58   58
    35.0-180.0 180.0   5.0 450.0                            LAT/LON1/LON2/DLON/H
   54   55   53   57   62   67   72   76   83  102  120  140  153  164  170  181
  193  203  217  235  249  262  278  283  281  275  267  267  261  250  250  244
  247  249  252  248  241  228  217  200  187  168  154  139  131  122  113  105
   99   90   85   83   79   76   74   76   76   74   74   75   75   75   74   74
   76   75   75   72   67   62   56   54   54
    32.5-180.0 180.0   5.0 450.0                            LAT/LON1/LON2/DLON/H
   52   52   49   51   55   62   68   76   86  106  127  146  162  175  179  187
  195  205  219  236  251  266  285  283  279  277  272  274  275  263  267  261
  267  271  272  285  275  262  243  231  214  191  162  149  137  127  117  109
  102   94   86   86   82   79   76   79   79   77   76   76   76   76   75   77
   78   78   78   76   72   65   56   53   52
    30.0-180.0 180.0   5.0 450.0                            LAT/LON1/LON2/DLON/H
   57   56   52   49   50   56   63   74   87  108  130  151  169  185  192  201
  203  210  224  237  252  266  284  282  280  282  279  289  304  308  309  327
  315  327  326  337  313  289  276  267  246  210  181  165  148  137  130  120
  116  109  101  103   98   88   81   85   85   83   81   81   81   81   81   83
   83   82   81   78   74   67   59   57   57
    27.5-180.0 180.0   5.0 450.0                            LAT/LON1/LON2/DLON/H
   67   67   62   56   51   53   59   71   86  109  136  160  180  194  202  211
  213  218  229  242  256  270  283  287  286  289  291  317  345  368  410  413
  397  419  405  393  354  349  319  298  276  238  212  191  167  152  149  148
  140  133  128  131  127  104   95   97   95   92   90   91   91   93   92   95
   93   90   88   82   77   69   64   65   67
    25.0-180.0 180.0   5.0 450.0                            LAT/LON1/LON2/DLON/H
   75   79   74   68   60   55   57   69   88  117  139  163  182  198  209  219
  222  228  237  249  262  275  286  294  295  302  316  348  387  475  521  518
  514  510  486  457  398  390  355  320  297  273  252  217  191  176  178  180
  170  161  157  160  156  134  128  120  114  112  107  109  109  112  110  113
  108  102   95   89   84   76   71   71   75
    22.5-180.0 180.0   5.0 450.0                            LAT/LON1/LON2/DLON/H
   79   83   82   74   67   61   59   71   88  115  142  164  183  201  214  229
  236  247  248  258  268  280  292  304  312  325  349  390  467  600  647  623
  608  563  574  549  460  426  396  346  321  296  280  244  218  209  210  209
  198  190  192  185  189  178  172  159  151  145  139  141  141  140  134  135
  126  119  109  100   92   85   78   77   79
    20.0-180.0 180.0   5.0 450.0                            LAT/LON1/LON2/DLON/H
   81   83   79   70   66   67   68   80   95  119  144  167  186  206  219  238
  251  262  263  271  278  284  300  320  334  351  379  417  531  663  692  676
  656  631  613  598  526  467  426  392  357  315  310  281  253  244  243  236
  224  221  221  221  223  219  218  208  196  187  180  178  178  169  162  157
  144  137  124  111  101   92   81   80   81
    17.5-180.0 180.0   5.0 450.0                            LAT/LON1/LON2/DLON/H
   82   83   81   70   64   66   73   89  104  127  155  173  192  211  229  248
  263  279  283  289  291  294  314  339  356  374  393  445  546  640  660  670
  668  654  621  584  524  494  452  418  394  347  334  315  294  278  272  262
  262  252  254  252  252  249  253  248  234  225  215  202  202  186  183  172
  156  148  135  121  110   98   85   82   82
    15.0-180.0 180.0   5.0 450.0                            LAT/LON1/LON2/DLON/H
   83   84   83   76   64   64   73   90  114  134  164  188  206  222  241  259
  276  298  304  310  310  315  341  363  380  401  419  463  533  582  608  637
  645  644  609  559  510  491  461  443  425  385  361  341  319  306  291  283
  291  297  292  283  274  266  268  268  257  249  233  206  206  192  188  175
  164  155  142  127  114  100   89   84   83
    12.5-180.0 180.0   5.0 450.0                            LAT/LON1/LON2/DLON/H
   85   84   86   81   69   68   80   96  123  153  176  202  222  235  254  270
  287  312  324  333  332  342  373  393  414  441  458  498  530  551  567  593
  606  600  579  537  509  491  476  461  446  423  388  364  333  318  298  288
  303  323  318  300  281  266  259  259  249  243  230  205  205  190  180  168
  160  153  141  129  116  101   91   87   85
    10.0-180.0 180.0   5.0 450.0                            LAT/LON1/LON2/DLON/H
   87   84   85   82   75   79   91  107  135  161  186  213  233  248  264  279
  296  322  340  354  359  372  397  420  449  482  510  535  548  541  541  559
  563  565  546  531  518  503  493  475  461  442  415  388  347  323  293  276
  295  322  315  289  269  250  233  230  221  214  209  190  190  176  167  157
  149  139  128  123  117  102   94   90   87
     7.5-180.0 180.0   5.0 450.0                            LAT/LON1/LON2/DLON/H
   88   85   81   79   80   87  102  117  144  170  197  225  245  260  276  292
  309  333  352  369  382  398  420  444  469  504  548  572  561  542  525  533
  548  551  540  536  527  513  506  492  471  457  433  406  368  328  292  265
  273  291  286  259  248  233  213  209  202  192  188  176  176  167  158  150
  139  130  120  115  109   99   94   88   88
     5.0-180.0 180.0   5.0 450.0                            LAT/LON1/LON2/DLON/H
   85   85   79   76   82   92  109  132  152  178  207  237  259  278  295  311
  324  348  364  384  401  426  448  472  488  513  559  574  550  534  521  528
  549  558  553  549  540  533  520  499  478  458  437  409  373  331  294  266
  257  256  251  240  237  224  218  216  210  196  184  174  174  169  162  150
  139  130  119  111  102   94   89   85   85
     2.5-180.0 180.0   5.0 450.0                            LAT/LON1/LON2/DLON/H
   84   82   76   73   79   98  116  139  163  185  215  252  273  297  317  338
  340  360  374  392  419  444  469  491  508  524  546  551  539  532  528  536
  561  571  567  559  558  556  533  509  484  455  432  402  367  331  293  270
  255  244  239  241  239  236  243  243  233  216  195  181  181  180  174  161
  152  142  128  116  102   95   90   86   84
