upcg0240.dat
     1.0            IONOSPHERE MAPS     GPS                 IONEX VERSION / TYPE
map2ionex           UPC-IonSAT          25 January 2015 23:1PGM / RUN BY / DATE 
Raw map                                                     COMMENT             
Global ionosphere raw maps for day 024, 2015                DESCRIPTION         
Modeled independently for each station with a 3D voxel      DESCRIPTION         
model: 72x9x2 cells in local time, latitude and height      DESCRIPTION         
The height boundaries are: 59-739-1419 km                   DESCRIPTION         
The estimates have NOT been interpolated                    DESCRIPTION         
See for instance: Hernandez-Pajares, Juan, Sanz and Sole,   DESCRIPTION         
JGR, Vol.103, N.A9, 20789-20796, 1998                       DESCRIPTION         
Contact e-mail: manuel@ma4.upc.edu  Plots at:               DESCRIPTION         
ftp://g1.upc.es/upc_ionex/                                  DESCRIPTION         
                                                            DESCRIPTION
P1-P2 DCBs(UPC3-BRDC)  24 2015: Bias=  0.065 RMS= 0.208 [ns]DESCRIPTION
                                                            DESCRIPTION
  2015     1    24     0     0     0                        EPOCH OF FIRST MAP  
  2015     1    24    23    59    24                        EPOCH OF LAST MAP   
  7200                                                      INTERVAL            
    13                                                      # OF MAPS IN FILE   
  NONE                                                      MAPPING FUNCTION    
     0.0                                                    ELEVATION CUTOFF    
Phase differences (L1-L2)                                   OBSERVABLES USED    
   279                                                      # OF STATIONS       
    31                                                      # OF SATELLITES     
  6371.0                                                    BASE RADIUS         
     2                                                      MAP DIMENSION       
   450.0 450.0   0.0                                        HGT1 / HGT2 / DHGT  
    87.5 -87.5  -2.5                                        LAT1 / LAT2 / DLAT  
  -180.0 180.0   5.0                                        LON1 / LON2 / DLON  
    -1                                                      EXPONENT            
TEC values in 0.1 tec units;  9999, if no value available   COMMENT             
DIFFERENTIAL CODE BIASES: DCBs vanish                       COMMENT             
in our approach, so we can compute them                     COMMENT             
as post-fit residuals                                       COMMENT             
IGS GPS stations used in the computations:                  COMMENT             
7odm ab01 ab06 ab08 ab11 ab12 ab13 ab15 ab27 ab33 ab35 ab37 COMMENT             
ab41 ab44 ab45 ab49 abmf abpo ac03 ac12 ac65 acor acso acu5 COMMENT             
adis adks ahid aira ajac alac albh alg3 alic allg alrt alth COMMENT             
amc2 areq arli artu aruc auck badg baie bake bako bara barh COMMENT             
basc bcyi bell benn bilb bjco bjfs bjnm bla1 bluf bnoa bogi COMMENT             
bogt braz brft brmu brst brux bshm bsmk btng bucu budp bums COMMENT             
[...]
cn35 cn37 cn38 cnmr coco cola con2 conz cord cot1 crao cusv COMMENT             
daej darw dav1 dear dond drao dres dyng ecsd eur2 falk fie0 COMMENT             
flin flrs ftna func ganp gdma gisb glps gls1 gls2 glsv gmma COMMENT             
harb hces hdil helg her2 hil1 hlfx hnlc hnus hob2 hofn holm COMMENT             
howe hrst hueg hyde ifr1 iisc ilsg ineg inmn invk irkj ista COMMENT             
joen kely kerg kgni khar khlr kir0 kouc koug ksu1 kuuj kvtx COMMENT             
lamp lamt laut lbib lhaz lkwy lovj lpal lpgs mac1 mag0 majb COMMENT             
mal2 mall mar6 marg mas1 mat1 maw1 mbar mchn mcil mcty mdvj COMMENT             
meri mgue mizu mobs moiu morp nain neia nium nklg not1 novm COMMENT             
nril ntus nya1 oax2 ohi2 onsa p001 p038 p050 palm park pece COMMENT             
pets picl pimo pirt pltk pngm pove qaq1 qiki rbay reso reun COMMENT             
reyk riga rio2 salu samo sask savo sch2 scor scrz sey1 smst COMMENT             
snfd ssia stas sthl stj2 stk2 syog tah1 tash tixg tong tow2 COMMENT             
trds tro1 tuc2 tuva twtf ufpr ulab uldi unbj unpm uthw vacs COMMENT             
vars vis0 vlns whit whng whtm will wind wuhn xmis yakt ycba COMMENT             
yell ykro yssk                                              COMMENT             
Estimated     Ap        Kp                                  DESCRIPTION
                  (each 3 hours)                            DESCRIPTION
2015 01 24     7  1 2 1 2 2 2 2 2                           DESCRIPTION
                                                            END OF HEADER       
     1                                                      START OF TEC MAP    
  2015     1    24     0     0     0                        EPOCH OF CURRENT MAP
    87.5-180.0 180.0   5.0 450.0                            LAT/LON1/LON2/DLON/H
   58   58   58   58   61   62   62   62   62   62   63   63   66   66   66   65
   64   64   62   63   63   61   61   57   56   54   52   52   50   49   48   48
   48   46   45   45   45   45   45   44   46   46   46   46   47   47   49   49
   50   50   50   52   52   52   51   51   51   51   51   51   52   52   52   53
   53   54   53   53   56   56   58   60   58
    85.0-180.0 180.0   5.0 450.0                            LAT/LON1/LON2/DLON/H
   81   81   81   83   83   83   84   85   85   86   87   87   86   87   88   86
   83   85   81   80   79   75   69   62   59   57   56   53   54   55   52   52
   50   48   48   45   45   45   44   44   44   43   44   43   43   43   44   45
   45   46   47   49   50   51   53   55   55   57   59   59   60   61   62   64
   64   68   71   72   73   74   74   78   81
    82.5-180.0 180.0   5.0 450.0                            LAT/LON1/LON2/DLON/H
   86   86   85   86   86   87   88   90   93   94   95   95   98   98   99  100
   97   96   92   90   85   84   79   71   68   66   63   63   59   56   56   51
   50   47   47   46   46   48   48   47   47   46   46   46   46   47   46   46
   46   46   46   47   49   50   53   54   57   61   65   67   67   68   68   69
   69   71   74   76   79   82   85   85   86
    80.0-180.0 180.0   5.0 450.0                            LAT/LON1/LON2/DLON/H
   89   90   91   90   94   93   95   94   95   97   98  102  103  103  103  104
  105  108  109  109  108   97   85   78   74   72   69   69   63   57   57   51
   48   47   47   48   48   43   44   44   45   48   50   51   51   50   51   50
   51   52   51   50   52   53   55   57   58   61   64   67   68   67   67   65
   65   66   72   77   82   86   88   89   89
    77.5-180.0 180.0   5.0 450.0                            LAT/LON1/LON2/DLON/H
   94  102  103  105  104  107  108  104  106  105  102  101  107  110  113  112
  114  118  119  118  118  112  103   92   79   75   67   67   65   58   49   43
   41   40   41   43   43   48   50   50   50   48   50   51   55   56   56   57
   56   58   59   57   58   58   59   59   58   58   60   62   63   63   62   61
   61   64   70   76   86   89   90   91   94
    75.0-180.0 180.0   5.0 450.0                            LAT/LON1/LON2/DLON/H
  108  113  119  118  123  125  121  122  120  116  118  121  114  105  111  122
  125  124  121  120  115  109  100   92   82   78   70   67   62   59   57   54
   45   43   45   45   45   48   50   51   52   53   53   54   55   59   59   61
   62   62   62   61   60   60   60   59   56   54   56   57   58   58   58   59
   61   64   68   76   84   88   91   99  108
    72.5-180.0 180.0   5.0 450.0                            LAT/LON1/LON2/DLON/H
  124  131  131  137  140  143  145  142  142  143  137  127  118  116  115  116
  118  115  117  115  108   98   98   91   81   74   70   67   64   64   61   58
   56   55   51   50   50   52   52   52   53   54   56   58   58   59   60   61
   62   63   61   60   59   58   57   56   54   52   53   54   55   57   59   62
   66   68   74   83   87   96  108  114  124
    70.0-180.0 180.0   5.0 450.0                            LAT/LON1/LON2/DLON/H
  138  143  143  151  154  154  155  156  155  150  146  136  122  108  102  109
  104  102  105  101   94   89   90   88   84   77   76   71   67   64   64   62
   60   59   58   55   55   55   57   59   58   58   60   60   61   61   58   57
   58   58   58   58   58   57   56   55   53   51   52   53   55   58   61   67
   76   80   86   97  101  111  121  129  138
    67.5-180.0 180.0   5.0 450.0                            LAT/LON1/LON2/DLON/H
  145  155  158  160  165  162  163  165  160  156  151  146  128  112  103   98
   94   92   90   86   84   84   82   81   80   79   78   75   68   65   63   63
   62   60   57   53   53   57   59   61   61   60   60   59   58   57   52   52
   51   53   53   55   57   56   55   54   53   52   51   51   56   59   62   73
   82   90  102  112  121  130  135  142  145
    65.0-180.0 180.0   5.0 450.0                            LAT/LON1/LON2/DLON/H
  158  164  168  172  174  174  174  168  164  162  158  149  138  129  114   99
   90   87   81   80   81   84   76   72   74   77   75   73   69   61   58   60
   57   55   53   48   48   48   53   56   55   53   55   52   51   50   48   45
   44   46   48   54   55   50   49   51   52   51   51   52   57   60   69   77
   89  102  113  121  131  144  146  154  158
    62.5-180.0 180.0   5.0 450.0                            LAT/LON1/LON2/DLON/H
  169  175  178  181  183  181  180  173  168  164  160  154  145  141  128  110
   98   85   79   78   80   81   72   66   67   72   68   65   66   58   55   53
   48   45   46   45   45   43   47   48   47   48   49   49   49   47   45   43
   41   42   47   50   52   49   47   49   53   53   56   58   61   66   78   88
  101  110  124  132  142  153  158  164  169
    60.0-180.0 180.0   5.0 450.0                            LAT/LON1/LON2/DLON/H
  180  182  185  188  188  187  184  178  172  166  163  155  154  146  140  121
  111   96   86   80   78   77   71   66   66   67   63   59   61   59   54   47
   42   40   41   45   45   45   45   47   49   51   51   52   54   52   50   46
   46   46   51   54   53   53   52   55   57   57   59   62   66   71   87  103
  114  123  134  145  152  160  166  172  180
    57.5-180.0 180.0   5.0 450.0                            LAT/LON1/LON2/DLON/H
  188  190  191  195  195  195  188  186  179  171  165  159  156  151  146  134
  119  108   99   88   83   78   75   71   70   68   63   59   60   59   53   45
   43   41   43   48   48   48   50   53   56   57   60   60   60   60   59   58
   57   57   61   61   60   62   60   60   59   58   58   61   68   75   92  118
  126  142  149  158  168  170  174  179  188
    55.0-180.0 180.0   5.0 450.0                            LAT/LON1/LON2/DLON/H
  193  195  197  203  205  202  197  195  189  179  170  162  158  157  150  139
  129  115  107   95   92   83   80   76   74   69   65   60   60   61   54   50
   48   46   47   53   53   55   58   61   65   67   70   70   69   71   68   72
   73   71   73   70   70   71   69   64   61   61   62   65   73   87  100  128
  143  154  163  167  181  184  183  187  193
    52.5-180.0 180.0   5.0 450.0                            LAT/LON1/LON2/DLON/H
  195  200  203  208  212  211  208  202  200  191  180  169  161  156  148  141
  132  122  113  102   96   88   83   77   74   69   66   63   64   66   60   55
   55   58   58   59   59   62   67   70   72   76   78   78   79   83   81   84
   83   84   83   82   80   81   79   73   68   68   71   75   85   97  109  136
  154  161  170  178  186  194  193  192  195
    50.0-180.0 180.0   5.0 450.0                            LAT/LON1/LON2/DLON/H
  200  206  211  213  217  219  218  214  212  202  188  175  166  157  149  141
  135  126  119  109   99   93   87   81   77   74   71   70   71   68   64   61
   68   71   70   68   68   70   73   77   80   83   84   83   86   89   91   88
   87   86   86   89   90   88   87   82   79   78   81   90   97  110  125  144
  161  170  176  185  195  202  204  199  200
    47.5-180.0 180.0   5.0 450.0                            LAT/LON1/LON2/DLON/H
  208  213  219  219  223  226  228  224  217  209  197  188  173  160  151  142
  135  129  120  114  105   99   93   89   85   83   80   78   75   69   67   64
   71   78   75   73   73   76   79   82   83   86   88   89   90   91   91   88
   86   84   86   91   94   93   91   88   86   86   90   99  106  123  138  151
  167  181  190  196  205  210  215  210  208
    45.0-180.0 180.0   5.0 450.0                            LAT/LON1/LON2/DLON/H
  223  226  229  226  227  230  234  232  226  216  206  196  177  167  156  143
  136  130  123  118  111  105  101   97   93   92   85   86   78   73   73   71
   75   80   79   77   77   80   82   83   84   86   89   90   91   92   91   89
   89   88   87   91   94   95   95   92   91   91   95  106  115  131  146  155
  169  187  200  209  218  226  226  223  223
    42.5-180.0 180.0   5.0 450.0                            LAT/LON1/LON2/DLON/H
  239  241  237  231  229  234  235  233  227  221  214  205  189  174  159  148
  139  131  125  121  116  111  107  103  100   99   91   97   87   81   81   81
   83   85   82   79   79   81   82   84   86   87   88   88   90   93   92   92
   93   95   93   96   98  100   98   94   95   98  104  115  124  137  149  159
  171  190  209  220  231  239  239  240  239
    40.0-180.0 180.0   5.0 450.0                            LAT/LON1/LON2/DLON/H
  255  251  241  235  233  236  234  230  229  228  223  212  198  178  166  157
  143  135  128  122  119  116  113  110  108  108  103  102   95   88   89   88
   90   91   86   79   79   80   81   84   86   87   89   91   93   93   92   95
   99  102  102  101  100  100   96   95   98  104  112  125  133  143  153  163
  175  193  214  234  246  252  259  257  255
    37.5-180.0 180.0   5.0 450.0                            LAT/LON1/LON2/DLON/H
  273  260  252  246  241  240  234  229  230  232  231  217  201  187  174  164
  151  141  132  126  122  120  118  118  116  117  110  102   96   91   90   91
   94   93   84   78   78   80   81   85   86   86   91   93   92   91   90   93
   96   99  101  100   96   92   89   89   96  104  117  133  141  150  158  172
  185  199  221  243  259  269  277  276  273
    35.0-180.0 180.0   5.0 450.0                            LAT/LON1/LON2/DLON/H
  288  278  271  263  252  243  236  230  233  235  236  227  213  199  185  170
  160  148  137  129  123  121  122  124  124  121  115  107   98   89   88   90
   93   90   81   78   78   83   83   85   86   86   89   89   88   87   87   87
   85   88   92   90   84   80   79   81   86   95  115  138  152  159  167  182
  196  208  228  252  278  288  294  296  288
    32.5-180.0 180.0   5.0 450.0                            LAT/LON1/LON2/DLON/H
  306  310  295  280  266  253  247  238  238  238  236  234  226  212  193  181
  166  151  137  130  124  121  123  128  130  126  120  113  100   92   91   90
   91   90   85   84   84   88   84   84   88   89   90   89   87   85   83   82
   79   80   81   79   74   73   73   75   81   90  113  142  162  171  181  196
  208  222  243  262  293  305  309  314  306
    30.0-180.0 180.0   5.0 450.0                            LAT/LON1/LON2/DLON/H
  339  333  328  307  285  274  268  254  246  244  240  237  230  221  204  192
  176  155  140  131  126  123  122  127  132  130  121  113  103   95   95   94
   97   99   96   99   99   95   90   89   91   92   93   88   81   77   77   75
   73   74   77   76   74   74   75   78   84   97  119  151  177  188  200  216
  226  243  263  279  318  327  336  346  339
    27.5-180.0 180.0   5.0 450.0                            LAT/LON1/LON2/DLON/H
  386  381  356  345  318  306  294  268  256  251  246  238  234  229  215  204
  189  164  147  138  130  123  119  123  130  124  115  118  116  111  109  110
  120  125  119  120  120  108  105  102  100   94   90   83   75   71   69   70
   70   70   74   74   73   71   74   78   88  107  132  165  192  207  223  241
  251  269  289  315  350  358  374  390  386
    25.0-180.0 180.0   5.0 450.0                            LAT/LON1/LON2/DLON/H
  454  460  451  407  372  338  302  275  261  262  254  246  241  238  226  212
  191  174  156  145  136  124  117  117  120  112  113  126  128  133  153  163
  165  168  150  155  155  132  123  114  107   98   88   84   77   72   70   67
   66   66   68   63   60   61   67   71   89  116  146  177  204  225  242  268
  284  304  329  366  396  412  430  456  454
    22.5-180.0 180.0   5.0 450.0                            LAT/LON1/LON2/DLON/H
  544  570  566  510  451  393  325  284  261  268  272  257  247  243  236  221
  199  184  164  150  139  127  118  115  113  107  116  128  141  165  196  218
  234  217  197  196  196  164  141  126  119  108   96   91   85   80   76   69
   63   60   59   53   53   54   58   65   86  118  154  186  214  233  259  292
  320  347  380  424  448  486  501  551  544
    20.0-180.0 180.0   5.0 450.0                            LAT/LON1/LON2/DLON/H
  636  687  697  650  572  501  393  331  282  280  283  267  254  244  237  233
  216  197  175  157  140  131  123  122  120  113  118  133  157  195  242  276
  287  257  257  224  224  178  161  155  140  125  108  103  100   92   84   75
   64   57   53   53   60   61   61   66   89  123  160  193  226  257  287  328
  359  393  430  479  506  540  584  610  636
    17.5-180.0 180.0   5.0 450.0                            LAT/LON1/LON2/DLON/H
  673  738  759  759  705  599  554  427  341  316  305  276  259  249  249  249
  236  214  187  169  148  140  135  135  134  132  134  153  180  217  259  291
  301  302  291  233  233  187  177  172  165  144  124  118  113  102   95   86
   71   61   59   60   68   70   67   73   97  134  172  202  233  271  313  363
  398  429  462  514  553  574  593  628  673
    15.0-180.0 180.0   5.0 450.0                            LAT/LON1/LON2/DLON/H
  626  699  759  804  807  743  632  526  418  367  329  305  279  262  262  265
  257  234  205  185  161  158  157  161  160  173  185  191  209  228  252  275
  290  294  282  221  221  190  182  173  165  149  136  131  125  114  109   98
   83   71   70   75   77   74   72   82  107  145  184  213  244  282  344  391
  428  444  469  514  548  564  566  593  626
    12.5-180.0 180.0   5.0 450.0                            LAT/LON1/LON2/DLON/H
  575  624  684  727  764  770  727  614  535  449  390  358  317  291  281  281
  283  259  226  201  179  175  179  196  203  237  258  252  237  232  237  254
  262  255  249  208  208  190  183  170  164  153  147  141  134  124  114  106
   87   81   80   80   79   74   73   86  112  149  188  224  263  300  356  398
  426  436  454  487  507  522  528  545  575
    10.0-180.0 180.0   5.0 450.0                            LAT/LON1/LON2/DLON/H
  546  573  616  647  680  715  735  691  620  538  466  426  379  344  328  311
  316  293  263  223  207  206  208  220  249  296  321  294  252  233  222  229
  233  232  228  205  205  186  179  171  165  159  150  142  136  122  114  105
   89   80   78   76   74   70   71   87  115  150  186  226  272  308  349  386
  398  403  422  451  461  472  495  520  546
     7.5-180.0 180.0   5.0 450.0                            LAT/LON1/LON2/DLON/H
  516  548  578  593  614  647  682  677  655  600  534  489  451  448  410  378
  367  340  318  278  266  274  273  278  335  361  335  294  260  242  225  206
  223  234  231  200  200  182  176  169  163  156  146  139  129  121  116  106
   91   81   74   73   70   69   76   93  121  156  190  226  264  300  332  353
  370  376  393  409  426  442  467  485  516
     5.0-180.0 180.0   5.0 450.0                            LAT/LON1/LON2/DLON/H
  493  532  559  549  569  608  624  635  634  615  572  536  510  517  490  495
  431  415  390  364  361  373  367  377  440  421  330  279  271  267  248  208
  227  242  235  201  201  187  177  165  157  150  144  137  130  128  123  109
   98   90   78   74   71   72   84  103  131  164  196  227  256  290  320  344
  363  373  383  394  405  420  440  469  493
     2.5-180.0 180.0   5.0 450.0                            LAT/LON1/LON2/DLON/H
  471  502  513  524  543  575  598  608  606  598  576  559  546  550  547  549
  519  494  478  451  458  469  440  436  479  422  321  292  291  284  257  228
  242  246  234  213  213  193  174  159  153  150  146  143  138  136  130  124
  114  104   86   82   78   77   92  115  141  170  202  232  257  284  314  344
  371  386  396  404  408  422  434  453  471
