upcg0240.dat
     1.0            IONOSPHERE MAPS     GPS                 IONEX VERSION / TYPE
map2ionex           UPC-IonSAT          25 January 2015 23:1PGM / RUN BY / DATE 
Raw map                                                     COMMENT             
Global ionosphere raw maps for day 024, 2015                DESCRIPTION         
Modeled independently for each station with a 3D voxel      DESCRIPTION         
model: 72x9x2 cells in local time, latitude and height      DESCRIPTION         
The height boundaries are: 59-739-1419 km                   DESCRIPTION         
The estimates have NOT been interpolated                    DESCRIPTION         
See for instance: Hernandez-Pajares, Juan, Sanz and Sole,   DESCRIPTION         
JGR, Vol.103, N.A9, 20789-20796, 1998                       DESCRIPTION         
Contact e-mail: manuel@ma4.upc.edu  Plots at:               DESCRIPTION         
ftp://g1.upc.es/upc_ionex/                                  DESCRIPTION         
                                                            DESCRIPTION
P1-P2 DCBs(UPC3-BRDC)  24 2015: Bias=  0.065 RMS= 0.208 [ns]DESCRIPTION
                                                            DESCRIPTION
  2015     1    24     0     0     0                        EPOCH OF FIRST MAP  
  2015     1    24    23    59    24                        EPOCH OF LAST MAP   
  7200                                                      INTERVAL            
    13                                                      # OF MAPS IN FILE   
  NONE                                                      MAPPING FUNCTION    
     0.0                                                    ELEVATION CUTOFF    
Phase differences (L1-L2)                                   OBSERVABLES USED    
   279                                                      # OF STATIONS       
    31                                                      # OF SATELLITES     
  6371.0                                                    BASE RADIUS         
     2                                                      MAP DIMENSION       
   450.0 450.0   0.0                                        HGT1 / HGT2 / DHGT  
    87.5 -87.5  -2.5                                        LAT1 / LAT2 / DLAT  
  -180.0 180.0   5.0                                        LON1 / LON2 / DLON  
    -1                                                      EXPONENT            
TEC values in 0.1 tec units;  9999, if no value available   COMMENT             
DIFFERENTIAL CODE BIASES: DCBs vanish                       COMMENT             
in our approach, so we can compute them                     COMMENT             
as post-fit residuals                                       COMMENT             
IGS GPS stations used in the computations:                  COMMENT             
7odm ab01 ab06 ab08 ab11 ab12 ab13 ab15 ab27 ab33 ab35 ab37 COMMENT             
ab41 ab44 ab45 ab49 abmf abpo ac03 ac12 ac65 acor acso acu5 COMMENT             
adis adks ahid aira ajac alac albh alg3 alic allg alrt alth COMMENT             
amc2 areq arli artu aruc auck badg baie bake bako bara barh COMMENT             
basc bcyi bell benn bilb bjco bjfs bjnm bla1 bluf bnoa bogi COMMENT             
bogt braz brft brmu brst brux bshm bsmk btng bucu budp bums COMMENT             
[...]
cn35 cn37 cn38 cnmr coco cola con2 conz cord cot1 crao cusv COMMENT             
daej darw dav1 dear dond drao dres dyng ecsd eur2 falk fie0 COMMENT             
flin flrs ftna func ganp gdma gisb glps gls1 gls2 glsv gmma COMMENT             
harb hces hdil helg her2 hil1 hlfx hnlc hnus hob2 hofn holm COMMENT             
howe hrst hueg hyde ifr1 iisc ilsg ineg inmn invk irkj ista COMMENT             
joen kely kerg kgni khar khlr kir0 kouc koug ksu1 kuuj kvtx COMMENT             
lamp lamt laut lbib lhaz lkwy lovj lpal lpgs mac1 mag0 majb COMMENT             
mal2 mall mar6 marg mas1 mat1 maw1 mbar mchn mcil mcty mdvj COMMENT             
meri mgue mizu mobs moiu morp nain neia nium nklg not1 novm COMMENT             
nril ntus nya1 oax2 ohi2 onsa p001 p038 p050 palm park pece COMMENT             
pets picl pimo pirt pltk pngm pove qaq1 qiki rbay reso reun COMMENT             
reyk riga rio2 salu samo sask savo sch2 scor scrz sey1 smst COMMENT             
snfd ssia stas sthl stj2 stk2 syog tah1 tash tixg tong tow2 COMMENT             
trds tro1 tuc2 tuva twtf ufpr ulab uldi unbj unpm uthw vacs COMMENT             
vars vis0 vlns whit whng whtm will wind wuhn xmis yakt ycba COMMENT             
yell ykro yssk                                              COMMENT             
Estimated     Ap        Kp                                  DESCRIPTION
                  (each 3 hours)                            DESCRIPTION
2015 01 24     7  1 2 1 2 2 2 2 2                           DESCRIPTION
                                                            END OF HEADER       
[from data line 1287]
     4                                                      START OF TEC MAP    
  2015     1    24     6     0     0                        EPOCH OF CURRENT MAP
    87.5-180.0 180.0   5.0 450.0                            LAT/LON1/LON2/DLON/H
   63   63   63   62   62   60   60   60   60   60   59   59   58   58   58   57
   57   57   57   58   57   57   57   56   56   55   55   54   54   54   55   55
   55   55   55   56   56   56   56   56   58   60   60   60   60   62   63   63
   65   65   67   69   69   70   70   70   71   71   71   71   71   71   70   70
   68   68   68   66   66   65   65   64   63
    85.0-180.0 180.0   5.0 450.0                            LAT/LON1/LON2/DLON/H
   77   75   76   77   75   77   77   75   75   74   74   73   69   70   69   67
   65   64   64   55   54   54   54   53   51   51   51   52   52   51   52   52
   52   53   53   55   55   55   56   57   58   59   61   63   64   65   67   72
   72   73   73   75   78   78   79   80   81   82   82   81   81   79   77   76
   74   72   71   72   72   71   75   75   77
    82.5-180.0 180.0   5.0 450.0                            LAT/LON1/LON2/DLON/H
   78   80   81   81   82   80   76   75   71   71   68   68   66   66   65   65
   64   62   62   63   62   55   51   47   45   44   44   43   44   46   46   49
   49   51   51   52   53   54   55   57   59   60   63   65   66   70   72   74
   77   81   83   83   84   83   83   84   85   87   88   87   84   83   82   78
   77   77   77   78   78   78   78   78   78
    80.0-180.0 180.0   5.0 450.0                            LAT/LON1/LON2/DLON/H
   70   73   71   74   73   75   75   76   77   77   76   73   72   68   62   61
   58   53   53   51   48   52   50   41   41   40   41   41   43   45   45   47
   49   51   53   53   55   55   56   58   60   62   64   67   70   72   74   76
   78   83   87   89   91   90   91   91   91   92   92   90   88   87   86   84
   83   81   78   76   73   71   71   71   70
    77.5-180.0 180.0   5.0 450.0                            LAT/LON1/LON2/DLON/H
   65   64   66   65   68   69   74   78   79   78   74   71   69   67   65   61
   60   60   60   55   53   44   44   39   39   39   41   43   43   47   48   48
   48   51   54   56   57   58   59   60   61   62   64   66   68   72   74   77
   80   84   89   93   96  104  104  106  105  102  100   97   96   95   96   93
   91   85   80   72   70   68   67   65   65
    75.0-180.0 180.0   5.0 450.0                            LAT/LON1/LON2/DLON/H
   61   59   57   58   59   63   70   72   71   71   71   72   69   65   64   65
   63   57   57   53   44   43   41   40   39   40   41   41   42   45   49   52
   53   55   57   58   58   59   59   60   60   60   62   63   66   69   73   78
   83   88   95  103  111  114  117  121  120  117  114  113  112  107  107  105
  102   93   82   76   72   70   69   65   61
    72.5-180.0 180.0   5.0 450.0                            LAT/LON1/LON2/DLON/H
   58   54   52   52   54   57   61   63   63   65   68   68   66   65   65   63
   60   57   57   47   44   41   39   38   37   42   46   44   44   50   51   55
   56   58   60   60   61   61   58   56   56   59   60   62   66   72   77   83
   89   96  103  111  118  127  129  132  132  131  130  130  128  126  122  119
  113  102   92   88   83   78   73   65   58
    70.0-180.0 180.0   5.0 450.0                            LAT/LON1/LON2/DLON/H
   58   53   50   49   50   53   54   57   60   63   62   63   62   64   64   62
   60   52   52   48   44   40   40   37   39   43   46   50   50   53   58   63
   64   62   62   62   59   59   56   53   53   54   59   64   69   73   85   90
   99  106  115  126  131  138  142  144  145  145  145  145  142  139  135  128
  124  116  105  101   91   84   76   67   58
    67.5-180.0 180.0   5.0 450.0                            LAT/LON1/LON2/DLON/H
   61   56   51   48   47   48   51   51   55   58   59   59   60   63   63   65
   62   56   56   48   45   43   43   42   44   48   50   54   56   59   65   67
   67   65   62   59   57   53   51   52   52   53   58   63   72   82   92  104
  114  121  134  141  145  151  155  156  156  157  157  156  151  147  140  135
  131  123  116  107   99   91   80   71   61
    65.0-180.0 180.0   5.0 450.0                            LAT/LON1/LON2/DLON/H
   66   60   53   49   46   45   46   48   49   53   56   57   59   60   63   65
   61   56   56   50   47   45   47   50   51   54   55   59   61   64   66   66
   63   61   57   55   51   49   48   49   51   54   59   69   80   88  101  112
  126  135  145  154  158  162  163  166  166  165  165  163  157  152  144  140
  134  130  119  113  104   96   85   76   66
    62.5-180.0 180.0   5.0 450.0                            LAT/LON1/LON2/DLON/H
   70   63   56   50   46   44   44   45   47   48   51   54   57   58   60   61
   59   57   57   53   50   50   53   56   57   60   62   63   63   61   60   59
   56   55   52   49   47   47   47   48   52   58   63   75   89   98  111  123
  136  146  158  166  168  173  174  177  176  173  170  168  163  160  151  147
  140  134  126  119  108   99   90   77   70
    60.0-180.0 180.0   5.0 450.0                            LAT/LON1/LON2/DLON/H
   74   66   59   52   47   45   45   45   46   46   47   49   52   54   57   58
   58   57   57   55   54   57   60   60   62   63   62   60   56   54   52   52
   50   50   48   46   46   45   47   49   55   60   71   84   96  112  123  137
  151  158  170  175  178  181  183  186  185  182  178  176  171  166  161  154
  149  140  131  121  112  102   91   84   74
    57.5-180.0 180.0   5.0 450.0                            LAT/LON1/LON2/DLON/H
   79   69   60   55   50   48   46   47   47   46   45   46   48   51   54   56
   56   58   58   56   57   60   61   61   60   58   56   52   49   48   49   47
   47   48   45   44   45   45   48   52   59   65   79   93  115  127  141  153
  162  172  177  186  188  191  192  194  193  191  187  182  179  172  167  157
  151  144  132  125  112  106   96   86   79
    55.0-180.0 180.0   5.0 450.0                            LAT/LON1/LON2/DLON/H
   82   74   65   56   53   52   50   49   49   48   46   46   47   49   52   54
   54   56   56   56   57   57   58   58   56   52   50   48   47   48   49   46
   45   47   46   46   46   48   52   55   62   74   91  104  122  141  157  165
  177  186  188  195  196  199  199  200  199  197  193  188  185  176  170  160
  148  144  135  125  115  106   99   91   82
    52.5-180.0 180.0   5.0 450.0                            LAT/LON1/LON2/DLON/H
   85   77   66   58   58   56   54   53   52   51   50   49   48   49   50   52
   52   53   53   55   55   55   56   55   53   51   49   50   49   52   52   50
   48   49   49   50   50   53   58   64   76   85  102  117  134  151  164  180
  191  197  203  203  205  208  206  206  202  201  197  193  190  182  171  164
  151  144  137  125  117  112  103   93   85
    50.0-180.0 180.0   5.0 450.0                            LAT/LON1/LON2/DLON/H
   86   79   70   63   62   59   57   55   53   54   53   52   52   51   52   52
   53   54   54   56   56   56   57   56   55   54   53   55   54   58   58   57
   56   57   56   54   56   59   65   69   82   98  115  132  143  159  175  191
  197  207  213  212  215  217  215  212  207  204  200  196  194  185  173  167
  156  147  139  128  121  117  107   95   86
    47.5-180.0 180.0   5.0 450.0                            LAT/LON1/LON2/DLON/H
   89   80   72   68   65   61   61   58   55   57   57   57   56   56   55   56
   56   58   58   60   60   60   60   60   60   61   60   62   62   66   66   66
   64   65   65   66   65   68   72   81   92  110  127  138  153  169  183  193
  203  215  221  222  224  226  222  219  214  211  205  200  196  188  176  168
  160  152  144  136  128  117  107   98   89
    45.0-180.0 180.0   5.0 450.0                            LAT/LON1/LON2/DLON/H
   91   83   75   71   67   66   64   61   58   60   61   61   61   61   60   61
   61   64   64   66   66   67   67   68   68   71   70   71   71   72   74   73
   70   72   73   72   73   74   78   86  101  118  135  147  162  176  188  201
  213  222  227  231  233  234  231  225  220  217  211  205  200  192  182  175
  166  159  151  142  135  121  108   97   91
    42.5-180.0 180.0   5.0 450.0                            LAT/LON1/LON2/DLON/H
   89   85   77   74   70   69   67   65   63   63   64   65   65   65   66   67
   66   71   71   75   76   77   76   78   79   81   80   81   80   81   80   77
   76   77   77   76   76   77   83   93  109  127  144  156  168  180  193  208
  221  227  234  240  244  243  241  232  225  222  218  212  204  197  189  183
  173  164  156  145  136  124  113   99   89
    40.0-180.0 180.0   5.0 450.0                            LAT/LON1/LON2/DLON/H
   90   84   79   75   72   70   70   69   69   69   68   69   68   70   71   73
   75   80   80   84   85   85   85   87   89   91   89   89   88   87   85   83
   81   81   79   77   77   80   88  100  119  137  147  162  173  185  198  212
  222  233  242  251  256  255  252  245  239  231  227  220  209  204  196  191
  178  170  161  149  135  127  117  104   90
    37.5-180.0 180.0   5.0 450.0                            LAT/LON1/LON2/DLON/H
   93   85   80   76   73   71   71   73   75   74   74   73   72   75   76   78
   83   88   88   92   92   92   92   94   97   99   98   96   96   92   90   88
   84   82   80   77   78   82   89  104  126  143  158  169  179  189  200  209
  223  236  249  257  261  263  263  261  253  244  240  232  221  216  207  203
  189  176  167  154  136  127  120  106   93
    35.0-180.0 180.0   5.0 450.0                            LAT/LON1/LON2/DLON/H
   92   82   78   75   73   71   71   73   76   80   82   79   79   81   83   85
   88   93   93   98   98   99  100  101  104  106  105  101  100   97   94   90
   82   80   78   76   79   83   93  109  133  154  167  177  184  193  203  209
  222  237  251  257  264  269  274  276  273  262  259  253  249  251  232  228
  208  192  180  161  144  131  121  107   92
    32.5-180.0 180.0   5.0 450.0                            LAT/LON1/LON2/DLON/H
   90   78   73   71   70   69   70   70   73   80   86   83   84   88   89   90
   92   95   95  102  105  106  106  107  109  108  109  101   97   98   93   89
   80   79   78   77   80   85   95  116  141  162  179  188  191  197  205  212
  222  238  253  260  273  283  299  308  322  304  300  298  298  279  279  273
  244  222  198  170  160  143  129  112   90
    30.0-180.0 180.0   5.0 450.0                            LAT/LON1/LON2/DLON/H
   99   81   72   67   68   67   67   66   67   70   84   85   86   92   94   95
   95  100  100  106  109  108  108  108  109  109  111  102   94   95   90   85
   80   79   80   79   81   86   98  121  148  163  181  195  199  202  213  224
  232  252  259  275  297  332  350  367  394  385  387  383  376  368  338  338
  304  273  225  199  188  164  146  126   99
    27.5-180.0 180.0   5.0 450.0                            LAT/LON1/LON2/DLON/H
  118   95   83   72   69   67   65   63   63   68   80   85   84   89   95   96
   98  102  102  108  108  106  107  107  106  107  105   99   94   94   90   86
   83   82   81   78   77   82   95  120  144  169  188  205  214  217  232  247
  258  269  289  315  345  396  425  463  470  494  506  496  482  468  433  430
  381  340  282  250  215  193  175  151  118
    25.0-180.0 180.0   5.0 450.0                            LAT/LON1/LON2/DLON/H
  145  116  101   89   81   76   70   68   68   69   77   82   82   87   91   95
   97  100  100  106  105  104  106  105  103  103   98   95   93   97   94   90
   87   83   78   74   71   77   91  119  148  175  199  219  235  243  264  268
  285  313  342  386  416  476  512  543  572  599  605  601  592  577  542  534
  475  426  364  323  276  247  207  184  145
    22.5-180.0 180.0   5.0 450.0                            LAT/LON1/LON2/DLON/H
  170  136  121  108   98   93   91   83   80   79   81   81   85   88   89   93
   96   97   97  102  102  104  106  105  103  100   97   95   92   98  100   95
   89   82   78   73   68   72   92  123  152  186  211  233  256  274  291  304
  334  379  416  467  496  530  558  589  624  645  640  648  645  642  624  584
  550  504  455  410  359  317  265  223  170
    20.0-180.0 180.0   5.0 450.0                            LAT/LON1/LON2/DLON/H
  212  157  130  122  113  113  109  102   97   94   92   87   89   89   90   93
   95   97   97  102  102  105  111  109  104  102  101   99   96  101  107  101
   91   85   80   73   68   73   98  130  159  189  220  245  263  292  320  342
  390  448  485  527  551  562  565  575  601  611  614  629  629  630  616  599
  564  542  521  482  439  392  335  285  212
    17.5-180.0 180.0   5.0 450.0                            LAT/LON1/LON2/DLON/H
  254  185  147  140  132  124  120  116  110  108  102   99   95   93   93   96
   99  102  102  105  105  109  116  115  111  109  108  109  106  108  110  104
   97   88   81   74   69   79  108  140  159  191  222  247  276  308  344  377
  433  486  518  544  550  550  548  548  561  566  574  583  590  593  585  571
  563  545  532  515  484  444  393  336  254
    15.0-180.0 180.0   5.0 450.0                            LAT/LON1/LON2/DLON/H
  298  218  172  158  146  139  135  133  124  117  115  113  105  106   99   99
  104  109  109  109  109  113  118  120  119  119  117  121  117  114  110  104
   97   89   82   76   71   85  112  143  170  195  226  257  293  326  364  399
  455  498  515  530  523  526  517  518  527  533  538  541  554  561  563  550
  549  542  531  521  499  466  429  378  298
    12.5-180.0 180.0   5.0 450.0                            LAT/LON1/LON2/DLON/H
  336  269  216  189  169  158  153  151  138  128  128  132  124  122  109  106
  107  116  116  119  119  121  124  127  126  127  127  130  126  118  111  103
   95   89   83   77   76   94  126  157  184  206  239  275  312  342  378  410
  456  490  495  503  487  492  483  479  485  495  500  503  514  524  535  527
  529  528  530  524  505  477  442  403  336
    10.0-180.0 180.0   5.0 450.0                            LAT/LON1/LON2/DLON/H
  362  306  272  228  200  184  179  178  162  147  147  157  151  147  128  124
  121  128  128  135  133  133  137  137  131  133  137  136  131  120  111  101
   94   90   87   81   88  107  138  169  196  219  254  290  323  350  383  409
  443  468  466  462  455  451  443  440  448  460  469  473  478  485  496  493
  499  505  515  514  508  490  453  413  362
     7.5-180.0 180.0   5.0 450.0                            LAT/LON1/LON2/DLON/H
  389  349  300  257  225  210  213  209  197  181  189  193  181  188  162  155
  154  156  156  152  149  147  149  146  140  143  144  139  134  122  111  102
   98   99   93   88   98  118  146  176  204  228  261  295  320  350  373  402
  416  433  436  432  426  420  420  423  436  449  457  459  462  467  475  475
  478  483  491  494  496  484  455  419  389
     5.0-180.0 180.0   5.0 450.0                            LAT/LON1/LON2/DLON/H
  398  365  324  279  250  234  231  228  225  222  224  226  224  232  234  206
  201  193  193  173  166  159  156  152  149  148  148  141  135  121  112  107
  105  105  100   94  103  123  150  173  201  231  255  288  321  344  367  387
  402  414  417  415  415  415  422  430  443  457  465  466  469  475  481  488
  482  479  480  483  480  468  449  426  398
     2.5-180.0 180.0   5.0 450.0                            LAT/LON1/LON2/DLON/H
  402  369  326  287  256  240  237  238  239  244  247  260  267  278  293  271
  254  239  239  200  182  170  162  157  151  149  147  141  134  122  116  109
  107  106   99   96  105  126  149  174  203  225  253  285  315  340  359  379
  396  413  418  417  417  423  439  451  465  477  485  488  492  500  508  521
  509  499  492  491  479  463  447  432  402
