upcg0240.dat
     1.0            IONOSPHERE MAPS     GPS                 IONEX VERSION / TYPE
map2ionex           UPC-IonSAT          25 January 2015 23:1PGM / RUN BY / DATE 
Raw map                                                     COMMENT             
Global ionosphere raw maps for day 024, 2015                DESCRIPTION         
Modeled independently for each station with a 3D voxel      DESCRIPTION         
model: 72x9x2 cells in local time, latitude and height      DESCRIPTION         
The height boundaries are: 59-739-1419 km                   DESCRIPTION         
The estimates have NOT been interpolated                    DESCRIPTION         
See for instance: Hernandez-Pajares, Juan, Sanz and Sole,   DESCRIPTION         
JGR, Vol.103, N.A9, 20789-20796, 1998                       DESCRIPTION         
Contact e-mail: manuel@ma4.upc.edu  Plots at:               DESCRIPTION         
ftp://g1.upc.es/upc_ionex/                                  DESCRIPTION         
                                                            DESCRIPTION
P1-P2 DCBs(UPC3-BRDC)  24 2015: Bias=  0.065 RMS= 0.208 [ns]DESCRIPTION
                                                            DESCRIPTION
  2015     1    24     0     0     0                        EPOCH OF FIRST MAP  
  2015     1    24    23    59    24                        EPOCH OF LAST MAP   
  7200                                                      INTERVAL            
    13                                                      # OF MAPS IN FILE   
  NONE                                                      MAPPING FUNCTION    
     0.0                                                    ELEVATION CUTOFF    
Phase differences (L1-L2)                                   OBSERVABLES USED    
   279                                                      # OF STATIONS       
    31                                                      # OF SATELLITES     
  6371.0                                                    BASE RADIUS         
     2                                                      MAP DIMENSION       
   450.0 450.0   0.0                                        HGT1 / HGT2 / DHGT  
    87.5 -87.5  -2.5                                        LAT1 / LAT2 / DLAT  
  -180.0 180.0   5.0                                        LON1 / LON2 / DLON  
    -1                                                      EXPONENT            
TEC values in 0.1 tec units;  9999, if no value available   COMMENT             
DIFFERENTIAL CODE BIASES: DCBs vanish                       COMMENT             
in our approach, so we can compute them                     COMMENT             
as post-fit residuals                                       COMMENT             
IGS GPS stations used in the computations:                  COMMENT             
7odm ab01 ab06 ab08 ab11 ab12 ab13 ab15 ab27 ab33 ab35 ab37 COMMENT             
ab41 ab44 ab45 ab49 abmf abpo ac03 ac12 ac65 acor acso acu5 COMMENT             
adis adks ahid aira ajac alac albh alg3 alic allg alrt alth COMMENT             
amc2 areq arli artu aruc auck badg baie bake bako bara barh COMMENT             
basc bcyi bell benn bilb bjco bjfs bjnm bla1 bluf bnoa bogi COMMENT             
bogt braz brft brmu brst brux bshm bsmk btng bucu budp bums COMMENT             
[...]
cn35 cn37 cn38 cnmr coco cola con2 conz cord cot1 crao cusv COMMENT             
daej darw dav1 dear dond drao dres dyng ecsd eur2 falk fie0 COMMENT             
flin flrs ftna func ganp gdma gisb glps gls1 gls2 glsv gmma COMMENT             
harb hces hdil helg her2 hil1 hlfx hnlc hnus hob2 hofn holm COMMENT             
howe hrst hueg hyde ifr1 iisc ilsg ineg inmn invk irkj ista COMMENT             
joen kely kerg kgni khar khlr kir0 kouc koug ksu1 kuuj kvtx COMMENT             
lamp lamt laut lbib lhaz lkwy lovj lpal lpgs mac1 mag0 majb COMMENT             
mal2 mall mar6 marg mas1 mat1 maw1 mbar mchn mcil mcty mdvj COMMENT             
meri mgue mizu mobs moiu morp nain neia nium nklg not1 novm COMMENT             
nril ntus nya1 oax2 ohi2 onsa p001 p038 p050 palm park pece COMMENT             
pets picl pimo pirt pltk pngm pove qaq1 qiki rbay reso reun COMMENT             
reyk riga rio2 salu samo sask savo sch2 scor scrz sey1 smst COMMENT             
snfd ssia stas sthl stj2 stk2 syog tah1 tash tixg tong tow2 COMMENT             
trds tro1 tuc2 tuva twtf ufpr ulab uldi unbj unpm uthw vacs COMMENT             
vars vis0 vlns whit whng whtm will wind wuhn xmis yakt ycba COMMENT             
yell ykro yssk                                              COMMENT             
Estimated     Ap        Kp                                  DESCRIPTION
                  (each 3 hours)                            DESCRIPTION
2015 01 24     7  1 2 1 2 2 2 2 2                           DESCRIPTION
                                                            END OF HEADER       
[from data line 4719]
    12                                                      START OF TEC MAP    
  2015     1    24    21    59    60                        EPOCH OF CURRENT MAP
    87.5-180.0 180.0   5.0 450.0                            LAT/LON1/LON2/DLON/H
   87   87   87   87   85   87   87   87   87   87   90   91   91   91   93   94
   93   92   90   88   88   88   88   88   89   91   91   92   90   90   89   88
   86   87   86   85   85   85   85   85   84   82   82   82   82   80   79   78
   75   75   73   70   70   69   69   69   69   71   71   71   74   75   78   79
   83   83   83   86   86   86   86   84   87
    85.0-180.0 180.0   5.0 450.0                            LAT/LON1/LON2/DLON/H
   63   64   66   68   69   73   76   80   81   90   90   90   91   94   93   94
   96  100  100  100   98   95   95   98  102   98  102   99  102  107  105  105
  103   98   98   95   91   91   87   86   83   81   81   77   76   77   76   75
   74   73   71   69   67   66   66   66   67   67   70   75   75   80   81   82
   82   78   74   72   71   70   66   66   63
    82.5-180.0 180.0   5.0 450.0                            LAT/LON1/LON2/DLON/H
   68   69   73   79   81   87   91   93   96   95   97   97  100  100  102  103
  104  105  104  105  107  109  102  117  112  117  121  121  118  117  117  112
  112  108  108  105  104  102  101   99   98   97   97   86   83   78   75   73
   73   71   68   66   65   66   68   68   69   69   72   77   81   81   81   78
   73   69   68   63   61   61   62   63   68
    80.0-180.0 180.0   5.0 450.0                            LAT/LON1/LON2/DLON/H
   81   82   85   88   87   88   87   87   90   93   95   98   99  102  106  108
  111  113  114  115  117  110  106  125  125  129  130  130  131  132  132  132
  129  128  124  117  113  105  102  101   98   94   94   89   85   79   76   74
   73   69   65   62   61   62   65   68   70   71   75   79   82   81   78   75
   72   70   69   67   67   70   72   77   81
    77.5-180.0 180.0   5.0 450.0                            LAT/LON1/LON2/DLON/H
   86   87   88   90   90   94   98   99  103  105  105  105  105  106  111  116
  120  127  142  142  141  139  131  144  147  152  150  138  128  125  125  121
  114  111  114  116  114  113  110  102   97   94   94   85   81   79   78   78
   75   74   69   64   61   62   65   68   70   71   74   77   80   80   77   73
   72   71   71   72   75   79   84   87   86
    75.0-180.0 180.0   5.0 450.0                            LAT/LON1/LON2/DLON/H
   97   99  102  101  109  113  111  116  120  117  121  121  120  120  120  134
  145  142  146  150  145  139  132  132  133  139  139  140  138  126  119  114
  111  110  106  105  105  105  102  102   99   92   92   83   80   80   83   85
   83   81   78   71   69   67   67   69   72   72   72   73   76   77   73   71
   71   70   71   76   80   85   90   92   97
    72.5-180.0 180.0   5.0 450.0                            LAT/LON1/LON2/DLON/H
  113  115  121  127  128  132  136  140  147  149  149  149  153  165  171  165
  154  143  148  145  142  116  130  129  120  121  121  129  118  111  104  104
  101   98   97   98   97   96   97   97   94   91   91   82   79   79   82   83
   82   81   79   77   74   70   68   67   69   71   72   72   73   72   71   70
   69   70   72   76   80   88   96  102  113
    70.0-180.0 180.0   5.0 450.0                            LAT/LON1/LON2/DLON/H
  124  130  135  140  147  149  161  167  167  173  189  199  206  205  201  171
  151  140  140  132  116  113  119  113  107   98  104  108  103   99   94   88
   89   91   91   90   92   91   91   93   93   88   88   79   76   77   78   80
   79   78   78   75   73   71   68   67   66   68   69   69   66   64   65   63
   64   67   73   78   85   96  103  114  124
    67.5-180.0 180.0   5.0 450.0                            LAT/LON1/LON2/DLON/H
  135  144  149  153  162  168  172  182  189  198  203  222  230  229  203  188
  169  144  141  117  110  103  104  101   95   93   94   93   93   87   84   83
   80   77   79   80   85   82   78   85   86   81   81   75   72   67   69   72
   76   75   74   73   71   69   66   64   62   61   61   61   57   54   55   56
   61   69   74   81   95  106  117  127  135
    65.0-180.0 180.0   5.0 450.0                            LAT/LON1/LON2/DLON/H
  150  154  162  164  171  180  184  191  201  209  218  226  231  233  223  214
  195  172  146  116  112   95   98   92   89   85   84   81   80   74   71   72
   71   68   66   68   69   67   67   70   70   69   69   66   60   59   57   64
   66   67   66   66   66   61   58   52   49   49   51   53   51   49   49   51
   61   66   75   82   98  115  126  141  150
    62.5-180.0 180.0   5.0 450.0                            LAT/LON1/LON2/DLON/H
  162  169  171  179  185  188  196  202  208  215  221  225  232  234  233  229
  212  193  157  131  123  107  103   92   86   74   67   67   65   61   59   55
   56   56   55   56   55   55   54   56   55   57   57   57   53   51   50   53
   56   56   57   57   57   50   47   44   43   44   48   50   49   48   49   52
   57   64   72   81  102  120  138  153  162
    60.0-180.0 180.0   5.0 450.0                            LAT/LON1/LON2/DLON/H
  175  179  187  192  198  201  209  214  217  221  228  230  234  234  234  232
  226  204  188  172  156  137  121  103   94   79   62   58   54   51   49   46
   47   49   50   49   50   51   51   51   51   51   51   53   51   48   48   49
   50   51   54   54   52   50   47   48   49   49   50   50   48   48   51   58
   63   71   79   91  110  133  154  161  175
    57.5-180.0 180.0   5.0 450.0                            LAT/LON1/LON2/DLON/H
  184  189  196  203  207  211  217  224  225  230  233  237  239  238  238  235
  228  215  209  199  185  169  146  126  111   92   73   63   52   50   45   42
   46   49   49   49   50   52   52   53   53   52   52   53   54   54   55   54
   55   56   57   58   53   53   54   57   56   53   50   47   44   47   51   61
   69   78   92  100  122  142  159  174  184
    55.0-180.0 180.0   5.0 450.0                            LAT/LON1/LON2/DLON/H
  191  196  204  215  217  220  227  231  237  239  244  243  244  243  240  237
  228  221  215  206  196  183  167  146  127  111   86   71   60   55   46   44
   48   52   51   53   53   56   58   58   57   57   57   60   60   63   64   64
   64   68   65   64   60   60   61   63   61   57   52   48   47   48   51   60
   74   83   99  110  126  151  166  179  191
    52.5-180.0 180.0   5.0 450.0                            LAT/LON1/LON2/DLON/H
  197  204  214  221  224  227  231  244  251  252  254  257  253  248  246  240
  233  227  220  209  198  186  173  154  133  119   96   85   70   65   49   48
   52   55   56   57   60   62   64   65   67   67   67   72   72   74   71   73
   71   74   75   70   68   67   67   68   66   65   60   57   56   52   51   57
   73   86  101  122  136  153  171  184  197
    50.0-180.0 180.0   5.0 450.0                            LAT/LON1/LON2/DLON/H
  203  212  218  223  231  238  240  252  260  264  266  266  262  256  250  246
  239  234  222  213  200  188  174  156  141  122  107   93   82   71   57   55
   57   58   61   62   66   69   73   72   76   80   80   84   84   84   80   78
   75   76   77   74   74   74   73   72   68   68   68   66   63   57   54   58
   70   88  104  123  143  155  171  189  203
    47.5-180.0 180.0   5.0 450.0                            LAT/LON1/LON2/DLON/H
  208  220  226  226  236  253  251  257  271  274  275  274  269  263  257  254
  248  241  230  219  204  192  176  158  146  127  114  101   92   75   64   63
   63   65   69   73   73   78   81   86   88   93   93   91   93   92   87   82
   80   79   78   78   79   79   77   75   70   69   70   68   65   61   61   65
   74   91  108  124  145  162  175  191  208
    45.0-180.0 180.0   5.0 450.0                            LAT/LON1/LON2/DLON/H
  212  227  232  233  245  266  265  262  274  281  281  280  276  269  262  260
  256  248  238  223  211  197  180  162  152  131  121  108   99   80   71   70
   69   71   75   78   82   86   89   92   96   99   99   99  101  102   94   88
   88   83   81   83   83   81   79   76   73   70   68   66   64   65   67   71
   80   97  118  132  147  160  179  198  212
    42.5-180.0 180.0   5.0 450.0                            LAT/LON1/LON2/DLON/H
  218  229  240  243  251  270  281  273  281  285  286  285  282  275  269  267
  262  258  248  233  221  200  184  168  153  136  124  113  101   88   82   78
   76   77   80   83   87   90   95   98  102  103  103  105  109  110  104   96
   93   90   87   88   86   83   79   75   74   72   69   66   66   67   71   77
   88  103  125  141  151  160  178  201  218
    40.0-180.0 180.0   5.0 450.0                            LAT/LON1/LON2/DLON/H
  216  233  248  252  267  278  293  291  290  291  291  290  286  282  276  273
  270  265  257  243  228  206  190  172  154  138  121  109  101   94   91   88
   83   81   82   85   89   93   98  101  106  109  109  112  116  118  110  100
   96   92   91   89   85   82   75   75   75   74   72   71   68   69   72   80
   95  108  130  145  156  166  184  200  216
    37.5-180.0 180.0   5.0 450.0                            LAT/LON1/LON2/DLON/H
  217  234  251  263  278  287  303  309  300  297  300  298  294  290  284  277
  274  270  262  250  236  214  198  179  158  141  123  108   99   97   92   88
   84   82   83   86   90   96   99  103  109  113  113  116  119  122  118  108
   99   90   87   84   79   77   74   75   73   72   73   72   70   70   74   83
  100  119  138  149  162  176  193  206  217
    35.0-180.0 180.0   5.0 450.0                            LAT/LON1/LON2/DLON/H
  221  238  254  269  286  294  313  320  312  306  308  307  304  297  288  283
  278  271  266  258  244  225  210  191  165  151  132  110   97   97   91   82
   81   83   85   88   93  100  103  108  113  117  117  117  121  123  119  109
   97   82   79   78   74   74   73   71   70   69   70   70   69   71   76   87
  106  129  144  154  169  184  202  211  221
    32.5-180.0 180.0   5.0 450.0                            LAT/LON1/LON2/DLON/H
  227  245  261  278  294  306  320  329  324  319  319  318  313  306  297  289
  282  273  271  263  251  236  222  205  172  160  139  113  102  101   93   83
   86   90   92   96   97  103  105  112  120  122  122  123  124  121  112  101
   89   75   74   73   73   73   72   69   69   68   67   67   67   71   77   92
  113  136  154  164  181  191  209  218  227
    30.0-180.0 180.0   5.0 450.0                            LAT/LON1/LON2/DLON/H
  238  253  274  290  306  317  324  338  338  336  330  329  326  317  305  297
  285  277  273  266  257  244  232  214  177  165  146  118  115  111  101   96
  109  119  116  111  102  104  103  112  123  125  125  127  123  114  101   90
   80   75   76   77   77   76   71   69   69   68   65   64   66   73   81   98
  121  144  164  181  195  203  219  232  238
    27.5-180.0 180.0   5.0 450.0                            LAT/LON1/LON2/DLON/H
  267  277  289  298  316  326  333  353  350  344  346  340  336  329  313  304
  290  285  278  271  261  250  241  225  191  172  148  130  138  144  140  134
  157  151  137  132  118  110  104  102  111  123  123  129  119  107   94   81
   74   74   80   83   80   73   66   62   66   67   64   63   65   73   86  105
  131  154  174  195  212  227  241  260  267
    25.0-180.0 180.0   5.0 450.0                            LAT/LON1/LON2/DLON/H
  305  315  318  315  327  338  344  369  364  360  364  357  350  338  319  309
  297  292  285  279  266  255  248  237  216  190  161  152  172  238  226  204
  222  189  159  151  139  126  115  100  102  118  118  129  116  103   90   81
   73   75   80   83   78   68   60   59   61   66   65   62   64   74   90  116
  139  164  186  211  234  258  278  297  305
    22.5-180.0 180.0   5.0 450.0                            LAT/LON1/LON2/DLON/H
  345  361  358  351  351  361  371  383  385  386  391  378  366  348  329  317
  308  298  293  289  275  264  257  252  246  223  190  184  219  317  335  290
  288  248  205  190  171  145  127  113  109  134  134  133  116  103   94   87
   79   79   80   81   76   69   62   60   60   65   65   62   63   75   97  123
  147  169  195  225  253  281  302  322  345
    20.0-180.0 180.0   5.0 450.0                            LAT/LON1/LON2/DLON/H
  388  407  396  399  400  401  424  427  436  433  433  404  384  360  347  332
  325  314  306  301  290  279  277  280  281  267  226  224  273  388  427  376
  358  327  274  250  217  171  149  144  141  162  162  141  121  107  107  102
   92   91   87   86   80   74   69   66   62   64   64   63   66   79  104  129
  157  178  210  236  267  298  325  355  388
    17.5-180.0 180.0   5.0 450.0                            LAT/LON1/LON2/DLON/H
  423  465  470  498  486  479  489  502  524  503  471  457  425  389  374  358
  348  343  336  325  314  306  315  323  326  308  272  300  363  437  447  403
  382  365  317  280  240  204  188  188  172  179  179  152  131  122  127  123
  110  108  100   95   88   81   76   73   67   67   69   71   75   85  115  147
  171  195  224  250  282  312  346  380  423
    15.0-180.0 180.0   5.0 450.0                            LAT/LON1/LON2/DLON/H
  444  500  540  585  574  558  581  631  627  580  538  523  480  465  417  396
  384  381  370  358  349  345  364  367  355  354  338  386  439  460  426  367
  339  338  301  269  237  216  213  207  199  192  192  153  142  141  146  139
  126  121  112  101   92   86   83   79   76   75   76   77   81   91  119  153
  183  214  239  275  303  331  360  401  444
    12.5-180.0 180.0   5.0 450.0                            LAT/LON1/LON2/DLON/H
  457  509  561  618  627  612  638  698  715  660  606  594  556  554  492  474
  433  419  404  399  391  391  412  410  395  404  404  425  451  451  384  311
  285  283  262  240  231  229  221  215  202  187  187  156  155  155  154  144
  134  126  115  104   94   88   84   81   79   77   75   74   77   91  117  150
  187  220  251  290  319  348  384  411  457
    10.0-180.0 180.0   5.0 450.0                            LAT/LON1/LON2/DLON/H
  463  509  537  591  616  622  645  700  731  699  652  645  634  665  604  565
  481  470  452  444  436  442  459  456  460  465  434  428  432  410  327  275
  263  258  249  241  250  241  224  218  201  183  183  159  161  159  151  143
  135  128  116  103   93   86   80   79   77   73   70   68   73   92  119  150
  186  222  256  299  333  368  398  424  463
     7.5-180.0 180.0   5.0 450.0                            LAT/LON1/LON2/DLON/H
  462  490  517  551  579  600  624  656  691  692  669  674  687  741  700  633
  548  530  507  501  489  493  497  491  505  507  452  430  394  346  276  255
  262  268  260  250  252  242  224  216  193  169  169  158  159  154  149  140
  133  125  111  101   90   83   81   82   79   75   70   70   78   97  124  157
  190  224  258  301  338  373  404  431  462
     5.0-180.0 180.0   5.0 450.0                            LAT/LON1/LON2/DLON/H
  449  476  489  512  528  559  590  629  651  664  666  678  709  749  750  683
  612  586  562  559  543  531  520  515  518  517  477  432  357  298  256  244
  277  293  282  263  252  243  224  213  190  166  166  158  154  149  143  135
  130  121  110  102   92   87   88   88   84   81   79   79   86  105  133  165
  197  228  258  296  331  364  396  422  449
     2.5-180.0 180.0   5.0 450.0                            LAT/LON1/LON2/DLON/H
  435  460  469  478  493  523  551  584  600  625  644  657  684  718  724  707
  663  640  617  613  585  557  540  536  535  516  475  413  343  293  263  263
  303  335  339  301  269  256  232  208  185  169  169  160  153  147  139  133
  130  121  114  108   98   95   95   93   90   88   88   87   95  115  143  176
  206  234  261  293  322  354  385  408  435
